72.000000 64.000000 56.000000 60.000000 55.000000 55.000000 58.000000 56.000000 
72.000000 63.000000 55.000000 60.000000 55.000000 55.000000 57.000000 56.000000 
72.000000 64.000000 56.000000 60.000000 55.000000 55.000000 58.000000 56.000000 
72.000000 64.000000 56.000000 60.000000 55.000000 56.000000 58.000000 56.000000 
72.000000 63.000000 56.000000 60.000000 55.000000 55.000000 58.000000 57.000000 
72.000000 64.000000 56.000000 60.000000 55.000000 56.000000 58.000000 57.000000 
72.000000 63.000000 56.000000 60.000000 55.000000 56.000000 58.000000 56.000000 
73.000000 64.000000 56.000000 60.000000 56.000000 55.000000 57.000000 56.000000 
73.000000 63.000000 56.000000 60.000000 55.000000 55.000000 58.000000 56.000000 
72.000000 64.000000 56.000000 60.000000 55.000000 55.000000 58.000000 56.000000 
72.000000 62.000000 55.000000 60.000000 55.000000 55.000000 57.000000 56.000000 
72.000000 64.000000 56.000000 60.000000 55.000000 56.000000 58.000000 56.000000 
72.000000 64.000000 56.000000 61.000000 55.000000 55.000000 58.000000 56.000000 
73.000000 64.000000 56.000000 60.000000 55.000000 55.000000 57.000000 56.000000 
72.000000 63.000000 55.000000 61.000000 55.000000 55.000000 57.000000 56.000000 
72.000000 64.000000 56.000000 60.000000 55.000000 55.000000 58.000000 57.000000 
72.000000 64.000000 55.000000 60.000000 56.000000 55.000000 58.000000 56.000000 
71.000000 63.000000 56.000000 60.000000 55.000000 56.000000 57.000000 56.000000 
73.000000 64.000000 56.000000 60.000000 56.000000 55.000000 58.000000 56.000000 
71.000000 64.000000 56.000000 60.000000 55.000000 55.000000 57.000000 57.000000 
72.000000 64.000000 55.000000 60.000000 56.000000 55.000000 57.000000 55.000000 
71.000000 63.000000 55.000000 60.000000 55.000000 55.000000 57.000000 56.000000 
73.000000 64.000000 56.000000 60.000000 55.000000 55.000000 58.000000 57.000000 
70.000000 64.000000 56.000000 60.000000 55.000000 55.000000 57.000000 56.000000 
73.000000 64.000000 56.000000 60.000000 55.000000 55.000000 58.000000 56.000000 
71.000000 64.000000 56.000000 60.000000 55.000000 55.000000 58.000000 56.000000 
72.000000 64.000000 56.000000 61.000000 55.000000 55.000000 58.000000 56.000000 
72.000000 64.000000 56.000000 60.000000 55.000000 56.000000 58.000000 56.000000 
72.000000 64.000000 55.000000 60.000000 56.000000 56.000000 58.000000 56.000000 
72.000000 63.000000 56.000000 60.000000 55.000000 56.000000 57.000000 56.000000 
72.000000 64.000000 56.000000 60.000000 56.000000 55.000000 58.000000 56.000000 
72.000000 64.000000 56.000000 60.000000 55.000000 56.000000 58.000000 56.000000 
72.000000 64.000000 57.000000 60.000000 56.000000 56.000000 58.000000 56.000000 
73.000000 64.000000 56.000000 60.000000 55.000000 56.000000 58.000000 56.000000 
72.000000 64.000000 56.000000 60.000000 56.000000 55.000000 57.000000 56.000000 
72.000000 63.000000 56.000000 60.000000 55.000000 56.000000 58.000000 56.000000 
72.000000 64.000000 56.000000 60.000000 56.000000 55.000000 57.000000 56.000000 
72.000000 64.000000 56.000000 60.000000 55.000000 56.000000 58.000000 56.000000 
72.000000 64.000000 56.000000 60.000000 56.000000 55.000000 58.000000 56.000000 
72.000000 63.000000 56.000000 60.000000 55.000000 55.000000 57.000000 57.000000 
73.000000 64.000000 56.000000 60.000000 55.000000 56.000000 58.000000 57.000000 
72.000000 64.000000 55.000000 60.000000 55.000000 56.000000 58.000000 56.000000 
72.000000 63.000000 57.000000 60.000000 55.000000 55.000000 57.000000 56.000000 
72.000000 64.000000 56.000000 60.000000 56.000000 56.000000 58.000000 57.000000 
72.000000 64.000000 56.000000 60.000000 55.000000 56.000000 58.000000 56.000000 
72.000000 64.000000 55.000000 60.000000 55.000000 56.000000 58.000000 56.000000 
72.000000 64.000000 57.000000 60.000000 55.000000 55.000000 58.000000 56.000000 
73.000000 64.000000 56.000000 60.000000 55.000000 54.000000 58.000000 56.000000 
72.000000 64.000000 56.000000 60.000000 56.000000 55.000000 57.000000 56.000000 
72.000000 64.000000 56.000000 59.000000 55.000000 55.000000 58.000000 56.000000 
72.000000 64.000000 55.000000 60.000000 55.000000 55.000000 58.000000 56.000000 
72.000000 64.000000 56.000000 60.000000 56.000000 56.000000 57.000000 57.000000 
72.000000 64.000000 56.000000 60.000000 55.000000 56.000000 58.000000 56.000000 
72.000000 64.000000 55.000000 60.000000 55.000000 56.000000 58.000000 57.000000 
72.000000 64.000000 56.000000 60.000000 56.000000 56.000000 58.000000 57.000000 
72.000000 63.000000 55.000000 60.000000 56.000000 55.000000 58.000000 56.000000 
72.000000 64.000000 56.000000 60.000000 55.000000 55.000000 58.000000 56.000000 
73.000000 64.000000 55.000000 60.000000 55.000000 55.000000 58.000000 56.000000 
71.000000 63.000000 56.000000 60.000000 55.000000 56.000000 58.000000 56.000000 
72.000000 64.000000 56.000000 60.000000 55.000000 55.000000 58.000000 56.000000 
70.000000 65.000000 56.000000 60.000000 56.000000 56.000000 58.000000 56.000000 
72.000000 64.000000 56.000000 60.000000 55.000000 56.000000 58.000000 57.000000 
72.000000 64.000000 56.000000 60.000000 56.000000 56.000000 57.000000 56.000000 
72.000000 63.000000 56.000000 60.000000 55.000000 55.000000 58.000000 57.000000 
72.000000 64.000000 56.000000 60.000000 55.000000 56.000000 57.000000 56.000000 
72.000000 64.000000 56.000000 60.000000 56.000000 55.000000 58.000000 56.000000 
73.000000 64.000000 56.000000 60.000000 55.000000 56.000000 58.000000 56.000000 
72.000000 64.000000 56.000000 60.000000 56.000000 56.000000 58.000000 56.000000 
72.000000 64.000000 56.000000 60.000000 55.000000 55.000000 58.000000 57.000000 
72.000000 63.000000 55.000000 60.000000 56.000000 55.000000 57.000000 56.000000 
72.000000 64.000000 56.000000 60.000000 55.000000 56.000000 57.000000 57.000000 
73.000000 64.000000 56.000000 60.000000 55.000000 55.000000 57.000000 56.000000 
72.000000 63.000000 56.000000 61.000000 55.000000 55.000000 57.000000 56.000000 
72.000000 63.000000 56.000000 60.000000 56.000000 55.000000 57.000000 56.000000 
72.000000 63.000000 56.000000 60.000000 55.000000 55.000000 58.000000 56.000000 
73.000000 64.000000 56.000000 60.000000 55.000000 55.000000 58.000000 56.000000 
72.000000 64.000000 55.000000 60.000000 55.000000 55.000000 58.000000 56.000000 
73.000000 64.000000 56.000000 60.000000 55.000000 56.000000 58.000000 56.000000 
71.000000 64.000000 56.000000 60.000000 56.000000 55.000000 57.000000 56.000000 
72.000000 64.000000 56.000000 60.000000 55.000000 55.000000 58.000000 56.000000 
72.000000 64.000000 56.000000 60.000000 55.000000 56.000000 58.000000 57.000000 
72.000000 63.000000 55.000000 60.000000 56.000000 55.000000 58.000000 56.000000 
72.000000 64.000000 56.000000 60.000000 55.000000 55.000000 58.000000 56.000000 
72.000000 64.000000 55.000000 60.000000 56.000000 55.000000 58.000000 56.000000 
72.000000 63.000000 55.000000 60.000000 55.000000 55.000000 58.000000 57.000000 
72.000000 64.000000 56.000000 60.000000 55.000000 56.000000 58.000000 56.000000 
72.000000 63.000000 56.000000 61.000000 55.000000 55.000000 58.000000 56.000000 
72.000000 64.000000 56.000000 60.000000 55.000000 55.000000 58.000000 56.000000 
72.000000 64.000000 56.000000 60.000000 55.000000 55.000000 58.000000 56.000000 
71.000000 63.000000 55.000000 60.000000 56.000000 55.000000 58.000000 56.000000 
72.000000 63.000000 56.000000 60.000000 55.000000 55.000000 58.000000 56.000000 
73.000000 64.000000 56.000000 61.000000 55.000000 56.000000 57.000000 57.000000 
72.000000 63.000000 56.000000 60.000000 55.000000 55.000000 58.000000 57.000000 
73.000000 64.000000 55.000000 60.000000 56.000000 56.000000 58.000000 56.000000 
73.000000 64.000000 56.000000 60.000000 56.000000 55.000000 58.000000 56.000000 
72.000000 64.000000 56.000000 60.000000 55.000000 55.000000 57.000000 56.000000 
72.000000 64.000000 56.000000 60.000000 55.000000 56.000000 58.000000 56.000000 
72.000000 64.000000 56.000000 60.000000 55.000000 56.000000 58.000000 56.000000 
73.000000 64.000000 56.000000 60.000000 56.000000 55.000000 57.000000 57.000000 
72.000000 64.000000 56.000000 60.000000 56.000000 56.000000 58.000000 56.000000 
72.000000 64.000000 56.000000 60.000000 55.000000 56.000000 58.000000 57.000000 
73.000000 64.000000 56.000000 60.000000 55.000000 56.000000 58.000000 56.000000 
72.000000 63.000000 55.000000 60.000000 55.000000 55.000000 57.000000 57.000000 
72.000000 64.000000 56.000000 61.000000 56.000000 55.000000 57.000000 56.000000 
72.000000 63.000000 56.000000 61.000000 55.000000 55.000000 58.000000 56.000000 
72.000000 64.000000 56.000000 60.000000 55.000000 56.000000 57.000000 56.000000 
72.000000 63.000000 56.000000 60.000000 55.000000 55.000000 57.000000 56.000000 
71.000000 63.000000 56.000000 60.000000 56.000000 55.000000 57.000000 57.000000 
72.000000 64.000000 56.000000 60.000000 56.000000 55.000000 58.000000 57.000000 
72.000000 63.000000 56.000000 60.000000 56.000000 56.000000 58.000000 56.000000 
73.000000 64.000000 56.000000 60.000000 55.000000 55.000000 57.000000 56.000000 
72.000000 64.000000 55.000000 60.000000 56.000000 56.000000 57.000000 56.000000 
72.000000 64.000000 56.000000 60.000000 55.000000 56.000000 58.000000 56.000000 
72.000000 64.000000 56.000000 60.000000 55.000000 55.000000 57.000000 56.000000 
72.000000 64.000000 57.000000 60.000000 55.000000 55.000000 58.000000 56.000000 
72.000000 64.000000 56.000000 59.000000 55.000000 55.000000 58.000000 56.000000 
72.000000 64.000000 56.000000 60.000000 55.000000 55.000000 58.000000 56.000000 
73.000000 63.000000 55.000000 60.000000 55.000000 55.000000 58.000000 56.000000 
72.000000 64.000000 55.000000 61.000000 55.000000 55.000000 58.000000 56.000000 
73.000000 63.000000 55.000000 60.000000 55.000000 55.000000 58.000000 56.000000 
73.000000 64.000000 56.000000 60.000000 55.000000 56.000000 57.000000 56.000000 
72.000000 63.000000 57.000000 60.000000 55.000000 55.000000 58.000000 56.000000 
72.000000 64.000000 56.000000 60.000000 55.000000 55.000000 57.000000 56.000000 
72.000000 63.000000 56.000000 60.000000 56.000000 55.000000 58.000000 57.000000 
71.000000 64.000000 55.000000 60.000000 56.000000 55.000000 57.000000 57.000000 
72.000000 64.000000 56.000000 60.000000 56.000000 56.000000 58.000000 56.000000 
72.000000 64.000000 55.000000 60.000000 55.000000 55.000000 58.000000 56.000000 
73.000000 63.000000 56.000000 60.000000 55.000000 55.000000 58.000000 57.000000 
72.000000 64.000000 56.000000 61.000000 56.000000 56.000000 58.000000 57.000000 
72.000000 64.000000 56.000000 60.000000 56.000000 56.000000 57.000000 56.000000 
73.000000 64.000000 56.000000 60.000000 55.000000 57.000000 58.000000 56.000000 
72.000000 64.000000 56.000000 60.000000 56.000000 55.000000 57.000000 56.000000 
72.000000 64.000000 56.000000 60.000000 55.000000 55.000000 58.000000 56.000000 
71.000000 64.000000 56.000000 60.000000 56.000000 55.000000 58.000000 56.000000 
72.000000 64.000000 56.000000 60.000000 56.000000 56.000000 58.000000 56.000000 
72.000000 64.000000 56.000000 60.000000 55.000000 55.000000 58.000000 56.000000 
72.000000 64.000000 55.000000 60.000000 55.000000 56.000000 57.000000 56.000000 
72.000000 63.000000 55.000000 60.000000 56.000000 56.000000 59.000000 56.000000 
72.000000 64.000000 56.000000 60.000000 55.000000 55.000000 58.000000 56.000000 
72.000000 63.000000 56.000000 60.000000 55.000000 55.000000 57.000000 57.000000 
72.000000 64.000000 56.000000 62.000000 55.000000 56.000000 58.000000 56.000000 
72.000000 64.000000 56.000000 60.000000 55.000000 56.000000 57.000000 56.000000 
72.000000 63.000000 56.000000 60.000000 55.000000 55.000000 57.000000 56.000000 
72.000000 63.000000 56.000000 60.000000 56.000000 55.000000 58.000000 56.000000 
72.000000 63.000000 56.000000 60.000000 56.000000 56.000000 57.000000 56.000000 
72.000000 64.000000 56.000000 60.000000 56.000000 56.000000 58.000000 56.000000 
73.000000 63.000000 56.000000 60.000000 55.000000 55.000000 57.000000 56.000000 
72.000000 64.000000 56.000000 60.000000 55.000000 55.000000 57.000000 56.000000 
72.000000 64.000000 56.000000 60.000000 55.000000 55.000000 57.000000 56.000000 
72.000000 64.000000 56.000000 60.000000 55.000000 55.000000 58.000000 56.000000 
73.000000 64.000000 56.000000 60.000000 55.000000 56.000000 57.000000 56.000000 
72.000000 64.000000 56.000000 60.000000 55.000000 55.000000 58.000000 56.000000 
71.000000 63.000000 56.000000 60.000000 55.000000 56.000000 58.000000 56.000000 
72.000000 63.000000 55.000000 60.000000 56.000000 55.000000 58.000000 56.000000 
72.000000 63.000000 56.000000 60.000000 55.000000 56.000000 58.000000 56.000000 
72.000000 64.000000 56.000000 60.000000 56.000000 56.000000 58.000000 56.000000 
72.000000 63.000000 55.000000 59.000000 55.000000 55.000000 58.000000 56.000000 
72.000000 64.000000 55.000000 60.000000 55.000000 55.000000 58.000000 56.000000 
72.000000 64.000000 56.000000 60.000000 55.000000 56.000000 58.000000 56.000000 
72.000000 63.000000 56.000000 60.000000 55.000000 55.000000 57.000000 56.000000 
72.000000 64.000000 56.000000 60.000000 55.000000 56.000000 58.000000 56.000000 
72.000000 64.000000 56.000000 60.000000 55.000000 55.000000 57.000000 56.000000 
72.000000 64.000000 56.000000 60.000000 55.000000 55.000000 55.000000 57.000000 
72.000000 64.000000 56.000000 60.000000 55.000000 56.000000 58.000000 56.000000 
72.000000 63.000000 56.000000 60.000000 55.000000 56.000000 58.000000 56.000000 
72.000000 64.000000 55.000000 60.000000 55.000000 56.000000 58.000000 55.000000 
72.000000 64.000000 56.000000 60.000000 55.000000 55.000000 57.000000 57.000000 
72.000000 64.000000 56.000000 60.000000 56.000000 56.000000 58.000000 57.000000 
71.000000 64.000000 56.000000 60.000000 55.000000 56.000000 58.000000 56.000000 
71.000000 64.000000 56.000000 60.000000 55.000000 55.000000 58.000000 56.000000 
72.000000 64.000000 56.000000 60.000000 55.000000 55.000000 57.000000 56.000000 
72.000000 63.000000 56.000000 60.000000 56.000000 56.000000 58.000000 56.000000 
73.000000 64.000000 56.000000 60.000000 56.000000 55.000000 58.000000 56.000000 
72.000000 64.000000 56.000000 60.000000 56.000000 55.000000 58.000000 56.000000 
72.000000 63.000000 56.000000 61.000000 55.000000 56.000000 58.000000 56.000000 
72.000000 65.000000 56.000000 60.000000 55.000000 55.000000 57.000000 56.000000 
73.000000 63.000000 56.000000 60.000000 55.000000 55.000000 58.000000 56.000000 
71.000000 64.000000 56.000000 60.000000 55.000000 56.000000 57.000000 56.000000 
71.000000 63.000000 56.000000 61.000000 55.000000 55.000000 57.000000 56.000000 
73.000000 63.000000 56.000000 61.000000 55.000000 55.000000 57.000000 56.000000 
72.000000 63.000000 56.000000 60.000000 56.000000 56.000000 58.000000 57.000000 
73.000000 64.000000 56.000000 60.000000 55.000000 55.000000 58.000000 57.000000 
72.000000 64.000000 55.000000 60.000000 56.000000 56.000000 58.000000 56.000000 
72.000000 64.000000 55.000000 60.000000 55.000000 55.000000 58.000000 56.000000 
71.000000 63.000000 56.000000 60.000000 55.000000 55.000000 58.000000 56.000000 
73.000000 64.000000 56.000000 60.000000 55.000000 56.000000 58.000000 56.000000 
72.000000 64.000000 56.000000 61.000000 56.000000 55.000000 58.000000 56.000000 
72.000000 64.000000 56.000000 60.000000 56.000000 56.000000 58.000000 56.000000 
71.000000 63.000000 56.000000 60.000000 55.000000 55.000000 58.000000 56.000000 
72.000000 64.000000 56.000000 60.000000 55.000000 55.000000 58.000000 56.000000 
73.000000 63.000000 55.000000 60.000000 55.000000 56.000000 57.000000 56.000000 
72.000000 63.000000 56.000000 60.000000 55.000000 55.000000 57.000000 56.000000 
73.000000 64.000000 55.000000 60.000000 55.000000 55.000000 58.000000 56.000000 
72.000000 64.000000 57.000000 60.000000 55.000000 56.000000 58.000000 56.000000 
72.000000 64.000000 56.000000 61.000000 56.000000 55.000000 59.000000 56.000000 
72.000000 64.000000 56.000000 60.000000 55.000000 55.000000 57.000000 56.000000 
72.000000 64.000000 56.000000 60.000000 55.000000 55.000000 58.000000 56.000000 
72.000000 64.000000 56.000000 60.000000 55.000000 55.000000 58.000000 57.000000 
72.000000 63.000000 55.000000 60.000000 55.000000 56.000000 58.000000 56.000000 
72.000000 64.000000 56.000000 60.000000 56.000000 56.000000 57.000000 57.000000 
73.000000 64.000000 56.000000 60.000000 55.000000 56.000000 58.000000 56.000000 
73.000000 64.000000 56.000000 60.000000 55.000000 55.000000 58.000000 57.000000 
72.000000 64.000000 56.000000 60.000000 55.000000 55.000000 58.000000 56.000000 
72.000000 64.000000 56.000000 61.000000 55.000000 56.000000 57.000000 56.000000 
72.000000 64.000000 55.000000 60.000000 55.000000 55.000000 58.000000 56.000000 
72.000000 63.000000 55.000000 60.000000 55.000000 56.000000 58.000000 56.000000 
72.000000 63.000000 55.000000 60.000000 55.000000 56.000000 58.000000 56.000000 
