106.000000 106.000000 72.000000 82.000000 70.000000 70.000000 76.000000 70.000000 
105.000000 106.000000 72.000000 82.000000 70.000000 70.000000 77.000000 70.000000 
105.000000 105.000000 73.000000 82.000000 70.000000 70.000000 77.000000 70.000000 
107.000000 105.000000 72.000000 82.000000 71.000000 70.000000 77.000000 70.000000 
105.000000 105.000000 73.000000 82.000000 70.000000 69.000000 77.000000 70.000000 
105.000000 105.000000 73.000000 82.000000 71.000000 69.000000 77.000000 70.000000 
105.000000 105.000000 73.000000 82.000000 70.000000 69.000000 77.000000 70.000000 
105.000000 104.000000 73.000000 82.000000 70.000000 70.000000 77.000000 70.000000 
104.000000 105.000000 73.000000 82.000000 70.000000 70.000000 77.000000 70.000000 
105.000000 106.000000 73.000000 82.000000 70.000000 70.000000 77.000000 70.000000 
106.000000 106.000000 73.000000 82.000000 70.000000 69.000000 77.000000 70.000000 
105.000000 105.000000 73.000000 82.000000 70.000000 70.000000 76.000000 70.000000 
106.000000 105.000000 73.000000 82.000000 70.000000 69.000000 77.000000 70.000000 
106.000000 106.000000 73.000000 82.000000 71.000000 70.000000 77.000000 70.000000 
105.000000 105.000000 73.000000 82.000000 70.000000 69.000000 76.000000 71.000000 
106.000000 105.000000 72.000000 82.000000 71.000000 70.000000 77.000000 70.000000 
106.000000 105.000000 73.000000 83.000000 70.000000 69.000000 77.000000 71.000000 
108.000000 105.000000 73.000000 82.000000 70.000000 70.000000 77.000000 70.000000 
106.000000 105.000000 73.000000 82.000000 70.000000 69.000000 77.000000 70.000000 
106.000000 105.000000 73.000000 82.000000 70.000000 70.000000 77.000000 70.000000 
105.000000 105.000000 73.000000 82.000000 70.000000 70.000000 77.000000 70.000000 
106.000000 105.000000 73.000000 82.000000 70.000000 70.000000 77.000000 70.000000 
106.000000 106.000000 73.000000 81.000000 70.000000 70.000000 78.000000 70.000000 
106.000000 105.000000 73.000000 82.000000 70.000000 70.000000 77.000000 70.000000 
106.000000 105.000000 73.000000 82.000000 71.000000 70.000000 77.000000 70.000000 
104.000000 103.000000 73.000000 82.000000 70.000000 70.000000 77.000000 70.000000 
106.000000 106.000000 73.000000 82.000000 70.000000 70.000000 77.000000 70.000000 
106.000000 106.000000 73.000000 83.000000 70.000000 70.000000 77.000000 70.000000 
105.000000 105.000000 73.000000 82.000000 70.000000 70.000000 77.000000 70.000000 
105.000000 105.000000 74.000000 82.000000 71.000000 70.000000 77.000000 70.000000 
106.000000 105.000000 73.000000 82.000000 70.000000 70.000000 77.000000 70.000000 
106.000000 105.000000 73.000000 81.000000 70.000000 70.000000 77.000000 70.000000 
106.000000 103.000000 72.000000 82.000000 70.000000 70.000000 77.000000 70.000000 
106.000000 105.000000 73.000000 82.000000 71.000000 69.000000 77.000000 70.000000 
105.000000 104.000000 73.000000 82.000000 70.000000 70.000000 77.000000 70.000000 
106.000000 104.000000 72.000000 82.000000 70.000000 70.000000 77.000000 70.000000 
106.000000 106.000000 73.000000 81.000000 71.000000 70.000000 77.000000 70.000000 
106.000000 105.000000 72.000000 82.000000 70.000000 70.000000 76.000000 70.000000 
105.000000 105.000000 72.000000 82.000000 71.000000 70.000000 77.000000 69.000000 
106.000000 105.000000 72.000000 82.000000 70.000000 70.000000 77.000000 70.000000 
107.000000 106.000000 73.000000 82.000000 70.000000 70.000000 77.000000 70.000000 
106.000000 105.000000 73.000000 82.000000 71.000000 70.000000 77.000000 70.000000 
105.000000 105.000000 73.000000 82.000000 70.000000 69.000000 77.000000 70.000000 
105.000000 105.000000 73.000000 82.000000 70.000000 69.000000 77.000000 70.000000 
106.000000 105.000000 72.000000 82.000000 70.000000 70.000000 77.000000 70.000000 
105.000000 105.000000 73.000000 82.000000 70.000000 70.000000 77.000000 70.000000 
106.000000 106.000000 72.000000 82.000000 71.000000 70.000000 77.000000 70.000000 
102.000000 105.000000 73.000000 83.000000 70.000000 69.000000 77.000000 70.000000 
105.000000 105.000000 73.000000 82.000000 71.000000 70.000000 76.000000 70.000000 
105.000000 106.000000 73.000000 82.000000 70.000000 70.000000 77.000000 70.000000 
105.000000 105.000000 73.000000 81.000000 70.000000 69.000000 77.000000 70.000000 
105.000000 105.000000 72.000000 81.000000 70.000000 69.000000 76.000000 70.000000 
105.000000 106.000000 73.000000 82.000000 70.000000 70.000000 77.000000 70.000000 
106.000000 105.000000 73.000000 82.000000 71.000000 69.000000 77.000000 70.000000 
106.000000 105.000000 73.000000 82.000000 70.000000 69.000000 77.000000 70.000000 
106.000000 105.000000 73.000000 82.000000 70.000000 70.000000 77.000000 70.000000 
106.000000 106.000000 73.000000 82.000000 70.000000 70.000000 77.000000 70.000000 
106.000000 105.000000 73.000000 82.000000 70.000000 69.000000 76.000000 70.000000 
105.000000 106.000000 73.000000 81.000000 70.000000 69.000000 77.000000 70.000000 
106.000000 105.000000 73.000000 82.000000 70.000000 69.000000 77.000000 70.000000 
106.000000 105.000000 73.000000 82.000000 71.000000 69.000000 77.000000 69.000000 
106.000000 105.000000 73.000000 82.000000 71.000000 69.000000 77.000000 69.000000 
105.000000 105.000000 73.000000 82.000000 70.000000 70.000000 77.000000 70.000000 
106.000000 106.000000 73.000000 81.000000 70.000000 70.000000 77.000000 70.000000 
105.000000 104.000000 73.000000 82.000000 70.000000 70.000000 77.000000 70.000000 
106.000000 106.000000 73.000000 81.000000 71.000000 70.000000 77.000000 70.000000 
105.000000 104.000000 73.000000 82.000000 71.000000 69.000000 77.000000 70.000000 
106.000000 105.000000 73.000000 82.000000 70.000000 70.000000 77.000000 70.000000 
106.000000 105.000000 73.000000 82.000000 70.000000 70.000000 77.000000 70.000000 
106.000000 106.000000 73.000000 81.000000 70.000000 70.000000 77.000000 70.000000 
106.000000 106.000000 73.000000 82.000000 71.000000 70.000000 77.000000 70.000000 
106.000000 105.000000 72.000000 82.000000 71.000000 70.000000 77.000000 70.000000 
106.000000 104.000000 73.000000 82.000000 70.000000 70.000000 77.000000 70.000000 
106.000000 105.000000 73.000000 83.000000 70.000000 71.000000 77.000000 70.000000 
106.000000 105.000000 73.000000 82.000000 70.000000 70.000000 77.000000 71.000000 
105.000000 105.000000 73.000000 82.000000 71.000000 70.000000 77.000000 70.000000 
106.000000 105.000000 72.000000 83.000000 70.000000 69.000000 77.000000 70.000000 
106.000000 106.000000 73.000000 79.000000 70.000000 70.000000 76.000000 70.000000 
106.000000 105.000000 72.000000 83.000000 71.000000 70.000000 77.000000 70.000000 
105.000000 105.000000 73.000000 82.000000 71.000000 70.000000 76.000000 70.000000 
106.000000 106.000000 72.000000 83.000000 70.000000 70.000000 76.000000 70.000000 
106.000000 105.000000 73.000000 82.000000 71.000000 69.000000 77.000000 70.000000 
105.000000 105.000000 73.000000 83.000000 71.000000 70.000000 77.000000 70.000000 
106.000000 105.000000 73.000000 82.000000 70.000000 70.000000 77.000000 70.000000 
105.000000 105.000000 73.000000 82.000000 70.000000 70.000000 77.000000 70.000000 
106.000000 105.000000 73.000000 82.000000 71.000000 69.000000 77.000000 70.000000 
106.000000 106.000000 73.000000 82.000000 70.000000 70.000000 77.000000 70.000000 
105.000000 105.000000 72.000000 82.000000 70.000000 70.000000 78.000000 70.000000 
106.000000 106.000000 72.000000 82.000000 70.000000 69.000000 77.000000 70.000000 
105.000000 105.000000 73.000000 81.000000 70.000000 70.000000 77.000000 70.000000 
105.000000 105.000000 73.000000 82.000000 71.000000 69.000000 77.000000 70.000000 
105.000000 105.000000 73.000000 82.000000 70.000000 70.000000 77.000000 70.000000 
106.000000 105.000000 73.000000 82.000000 70.000000 69.000000 77.000000 70.000000 
105.000000 106.000000 73.000000 82.000000 70.000000 70.000000 77.000000 69.000000 
105.000000 105.000000 73.000000 82.000000 71.000000 70.000000 77.000000 70.000000 
106.000000 106.000000 73.000000 82.000000 70.000000 70.000000 77.000000 69.000000 
106.000000 106.000000 72.000000 82.000000 70.000000 70.000000 77.000000 70.000000 
106.000000 105.000000 73.000000 82.000000 71.000000 70.000000 77.000000 70.000000 
105.000000 105.000000 73.000000 82.000000 70.000000 70.000000 77.000000 70.000000 
105.000000 105.000000 73.000000 82.000000 70.000000 69.000000 77.000000 70.000000 
106.000000 105.000000 73.000000 82.000000 71.000000 69.000000 76.000000 70.000000 
106.000000 105.000000 72.000000 82.000000 70.000000 69.000000 76.000000 70.000000 
105.000000 105.000000 73.000000 81.000000 70.000000 70.000000 77.000000 70.000000 
105.000000 106.000000 73.000000 82.000000 70.000000 70.000000 77.000000 70.000000 
105.000000 105.000000 73.000000 82.000000 71.000000 69.000000 77.000000 70.000000 
106.000000 105.000000 73.000000 82.000000 70.000000 70.000000 77.000000 70.000000 
105.000000 105.000000 73.000000 82.000000 71.000000 69.000000 77.000000 70.000000 
103.000000 105.000000 73.000000 82.000000 70.000000 70.000000 77.000000 70.000000 
106.000000 105.000000 73.000000 82.000000 70.000000 70.000000 77.000000 70.000000 
106.000000 105.000000 73.000000 82.000000 69.000000 70.000000 77.000000 71.000000 
106.000000 106.000000 73.000000 83.000000 70.000000 69.000000 77.000000 69.000000 
106.000000 105.000000 73.000000 82.000000 70.000000 69.000000 77.000000 70.000000 
105.000000 106.000000 73.000000 82.000000 71.000000 70.000000 77.000000 70.000000 
106.000000 105.000000 73.000000 82.000000 71.000000 70.000000 77.000000 70.000000 
106.000000 106.000000 73.000000 82.000000 70.000000 69.000000 77.000000 70.000000 
106.000000 105.000000 73.000000 83.000000 70.000000 70.000000 74.000000 70.000000 
107.000000 106.000000 73.000000 81.000000 70.000000 70.000000 77.000000 70.000000 
106.000000 105.000000 73.000000 82.000000 70.000000 70.000000 77.000000 70.000000 
106.000000 104.000000 72.000000 82.000000 70.000000 70.000000 77.000000 70.000000 
105.000000 105.000000 72.000000 82.000000 70.000000 70.000000 77.000000 70.000000 
105.000000 105.000000 73.000000 82.000000 71.000000 69.000000 77.000000 70.000000 
105.000000 105.000000 73.000000 82.000000 71.000000 69.000000 77.000000 70.000000 
106.000000 104.000000 72.000000 82.000000 70.000000 70.000000 77.000000 70.000000 
105.000000 105.000000 73.000000 82.000000 71.000000 70.000000 77.000000 70.000000 
106.000000 104.000000 72.000000 82.000000 70.000000 69.000000 77.000000 70.000000 
106.000000 105.000000 73.000000 82.000000 70.000000 70.000000 77.000000 70.000000 
106.000000 105.000000 73.000000 82.000000 71.000000 70.000000 77.000000 71.000000 
106.000000 106.000000 72.000000 82.000000 70.000000 70.000000 76.000000 70.000000 
105.000000 105.000000 72.000000 82.000000 70.000000 70.000000 77.000000 70.000000 
106.000000 106.000000 72.000000 82.000000 71.000000 69.000000 77.000000 70.000000 
105.000000 106.000000 73.000000 83.000000 70.000000 70.000000 77.000000 69.000000 
106.000000 105.000000 72.000000 82.000000 71.000000 69.000000 77.000000 70.000000 
105.000000 105.000000 73.000000 82.000000 71.000000 70.000000 76.000000 70.000000 
105.000000 106.000000 73.000000 82.000000 71.000000 69.000000 77.000000 70.000000 
106.000000 106.000000 73.000000 82.000000 70.000000 69.000000 78.000000 70.000000 
106.000000 105.000000 73.000000 82.000000 70.000000 70.000000 77.000000 70.000000 
105.000000 106.000000 73.000000 82.000000 71.000000 69.000000 77.000000 70.000000 
106.000000 105.000000 73.000000 82.000000 70.000000 70.000000 77.000000 69.000000 
106.000000 105.000000 72.000000 82.000000 70.000000 70.000000 77.000000 70.000000 
106.000000 105.000000 73.000000 82.000000 71.000000 70.000000 77.000000 70.000000 
104.000000 105.000000 72.000000 82.000000 70.000000 70.000000 77.000000 70.000000 
105.000000 105.000000 73.000000 82.000000 70.000000 69.000000 77.000000 70.000000 
105.000000 105.000000 73.000000 82.000000 71.000000 71.000000 77.000000 70.000000 
105.000000 105.000000 73.000000 82.000000 70.000000 70.000000 77.000000 70.000000 
105.000000 104.000000 73.000000 82.000000 70.000000 70.000000 77.000000 70.000000 
106.000000 106.000000 73.000000 82.000000 71.000000 69.000000 77.000000 70.000000 
105.000000 104.000000 73.000000 82.000000 70.000000 70.000000 77.000000 70.000000 
106.000000 105.000000 73.000000 82.000000 70.000000 68.000000 77.000000 70.000000 
106.000000 106.000000 73.000000 82.000000 70.000000 70.000000 77.000000 70.000000 
105.000000 104.000000 73.000000 82.000000 70.000000 70.000000 72.000000 70.000000 
105.000000 105.000000 73.000000 83.000000 70.000000 69.000000 77.000000 69.000000 
105.000000 105.000000 73.000000 82.000000 69.000000 69.000000 77.000000 70.000000 
106.000000 105.000000 72.000000 82.000000 71.000000 69.000000 76.000000 69.000000 
105.000000 106.000000 73.000000 82.000000 71.000000 70.000000 77.000000 70.000000 
106.000000 106.000000 72.000000 82.000000 70.000000 70.000000 73.000000 70.000000 
106.000000 104.000000 73.000000 82.000000 71.000000 70.000000 77.000000 70.000000 
106.000000 103.000000 73.000000 82.000000 70.000000 70.000000 77.000000 70.000000 
107.000000 105.000000 73.000000 82.000000 71.000000 69.000000 77.000000 69.000000 
105.000000 102.000000 73.000000 82.000000 71.000000 70.000000 77.000000 70.000000 
107.000000 105.000000 73.000000 82.000000 70.000000 69.000000 77.000000 70.000000 
106.000000 105.000000 73.000000 82.000000 70.000000 70.000000 77.000000 70.000000 
106.000000 106.000000 72.000000 82.000000 70.000000 70.000000 77.000000 70.000000 
106.000000 105.000000 73.000000 82.000000 71.000000 70.000000 77.000000 69.000000 
106.000000 105.000000 73.000000 82.000000 70.000000 70.000000 77.000000 70.000000 
106.000000 105.000000 73.000000 82.000000 70.000000 70.000000 76.000000 70.000000 
105.000000 104.000000 72.000000 82.000000 69.000000 70.000000 77.000000 70.000000 
105.000000 105.000000 73.000000 82.000000 71.000000 69.000000 77.000000 70.000000 
105.000000 105.000000 73.000000 82.000000 71.000000 70.000000 77.000000 70.000000 
105.000000 105.000000 72.000000 82.000000 70.000000 69.000000 77.000000 71.000000 
106.000000 106.000000 74.000000 82.000000 70.000000 69.000000 77.000000 70.000000 
106.000000 104.000000 72.000000 82.000000 71.000000 69.000000 77.000000 70.000000 
105.000000 105.000000 73.000000 82.000000 70.000000 70.000000 77.000000 70.000000 
106.000000 105.000000 72.000000 82.000000 71.000000 69.000000 77.000000 70.000000 
105.000000 106.000000 73.000000 82.000000 70.000000 70.000000 77.000000 70.000000 
105.000000 104.000000 72.000000 82.000000 70.000000 70.000000 77.000000 70.000000 
107.000000 106.000000 73.000000 82.000000 71.000000 70.000000 77.000000 70.000000 
106.000000 106.000000 73.000000 81.000000 70.000000 70.000000 77.000000 70.000000 
105.000000 106.000000 72.000000 82.000000 71.000000 69.000000 77.000000 70.000000 
106.000000 105.000000 73.000000 82.000000 70.000000 70.000000 77.000000 70.000000 
106.000000 105.000000 73.000000 82.000000 71.000000 70.000000 77.000000 70.000000 
105.000000 105.000000 73.000000 82.000000 70.000000 70.000000 76.000000 70.000000 
106.000000 105.000000 73.000000 82.000000 70.000000 70.000000 77.000000 70.000000 
106.000000 106.000000 73.000000 82.000000 70.000000 69.000000 77.000000 70.000000 
105.000000 105.000000 73.000000 82.000000 70.000000 70.000000 77.000000 70.000000 
106.000000 105.000000 72.000000 81.000000 70.000000 70.000000 77.000000 70.000000 
105.000000 106.000000 73.000000 81.000000 71.000000 70.000000 76.000000 70.000000 
105.000000 105.000000 72.000000 82.000000 70.000000 70.000000 77.000000 70.000000 
106.000000 105.000000 72.000000 82.000000 70.000000 69.000000 77.000000 70.000000 
106.000000 105.000000 73.000000 82.000000 70.000000 70.000000 77.000000 70.000000 
105.000000 106.000000 73.000000 82.000000 71.000000 70.000000 77.000000 70.000000 
105.000000 105.000000 73.000000 83.000000 70.000000 70.000000 76.000000 70.000000 
106.000000 105.000000 73.000000 82.000000 70.000000 70.000000 77.000000 70.000000 
106.000000 104.000000 73.000000 82.000000 70.000000 70.000000 77.000000 70.000000 
106.000000 105.000000 73.000000 82.000000 70.000000 70.000000 77.000000 70.000000 
107.000000 106.000000 73.000000 82.000000 70.000000 70.000000 77.000000 70.000000 
106.000000 105.000000 73.000000 82.000000 70.000000 69.000000 77.000000 70.000000 
107.000000 105.000000 73.000000 82.000000 70.000000 70.000000 77.000000 70.000000 
106.000000 105.000000 73.000000 82.000000 71.000000 70.000000 77.000000 70.000000 
106.000000 105.000000 73.000000 82.000000 70.000000 69.000000 77.000000 70.000000 
105.000000 105.000000 72.000000 82.000000 70.000000 70.000000 77.000000 70.000000 
106.000000 105.000000 73.000000 82.000000 71.000000 70.000000 77.000000 70.000000 
106.000000 106.000000 73.000000 82.000000 71.000000 71.000000 77.000000 69.000000 
106.000000 105.000000 72.000000 82.000000 70.000000 70.000000 77.000000 70.000000 
106.000000 105.000000 72.000000 82.000000 70.000000 70.000000 77.000000 69.000000 
105.000000 105.000000 72.000000 82.000000 71.000000 69.000000 76.000000 70.000000 
106.000000 105.000000 73.000000 82.000000 70.000000 70.000000 77.000000 70.000000 
106.000000 105.000000 73.000000 82.000000 70.000000 70.000000 77.000000 70.000000 
