255.000000 255.000000 255.000000 255.000000 255.000000 255.000000 255.000000 255.000000 1.000000 
255.000000 255.000000 255.000000 255.000000 255.000000 255.000000 255.000000 255.000000 1.000000 
255.000000 255.000000 255.000000 255.000000 255.000000 255.000000 255.000000 255.000000 1.000000 
255.000000 255.000000 255.000000 255.000000 255.000000 255.000000 255.000000 255.000000 1.000000 
255.000000 255.000000 255.000000 255.000000 255.000000 255.000000 255.000000 255.000000 1.000000 
255.000000 255.000000 255.000000 255.000000 255.000000 255.000000 255.000000 255.000000 1.000000 
255.000000 255.000000 255.000000 255.000000 255.000000 255.000000 255.000000 255.000000 1.000000 
255.000000 255.000000 255.000000 255.000000 255.000000 255.000000 255.000000 255.000000 1.000000 
255.000000 255.000000 255.000000 255.000000 255.000000 255.000000 255.000000 255.000000 1.000000 
255.000000 255.000000 255.000000 255.000000 255.000000 255.000000 255.000000 255.000000 1.000000 
255.000000 255.000000 255.000000 255.000000 255.000000 255.000000 255.000000 255.000000 1.000000 
255.000000 255.000000 255.000000 255.000000 255.000000 255.000000 255.000000 255.000000 1.000000 
255.000000 255.000000 255.000000 255.000000 255.000000 255.000000 255.000000 255.000000 1.000000 
255.000000 255.000000 255.000000 255.000000 255.000000 255.000000 255.000000 255.000000 1.000000 
255.000000 255.000000 255.000000 255.000000 255.000000 255.000000 255.000000 255.000000 1.000000 
255.000000 255.000000 255.000000 255.000000 255.000000 255.000000 255.000000 255.000000 1.000000 
255.000000 255.000000 255.000000 255.000000 255.000000 255.000000 255.000000 255.000000 1.000000 
255.000000 255.000000 255.000000 255.000000 255.000000 255.000000 255.000000 255.000000 1.000000 
255.000000 255.000000 255.000000 255.000000 255.000000 255.000000 255.000000 255.000000 1.000000 
255.000000 255.000000 255.000000 255.000000 255.000000 255.000000 255.000000 255.000000 1.000000 
255.000000 255.000000 255.000000 255.000000 255.000000 255.000000 255.000000 255.000000 1.000000 
255.000000 255.000000 255.000000 255.000000 255.000000 255.000000 255.000000 255.000000 1.000000 
255.000000 255.000000 255.000000 255.000000 255.000000 255.000000 255.000000 255.000000 1.000000 
255.000000 255.000000 255.000000 255.000000 255.000000 255.000000 255.000000 255.000000 1.000000 
255.000000 255.000000 255.000000 255.000000 255.000000 255.000000 255.000000 255.000000 1.000000 
255.000000 255.000000 255.000000 255.000000 255.000000 255.000000 255.000000 255.000000 1.000000 
255.000000 255.000000 255.000000 255.000000 255.000000 255.000000 255.000000 255.000000 1.000000 
255.000000 255.000000 255.000000 255.000000 255.000000 255.000000 255.000000 255.000000 1.000000 
255.000000 255.000000 255.000000 255.000000 255.000000 255.000000 255.000000 255.000000 1.000000 
255.000000 255.000000 255.000000 255.000000 255.000000 255.000000 255.000000 255.000000 1.000000 
255.000000 255.000000 255.000000 255.000000 255.000000 255.000000 255.000000 255.000000 1.000000 
255.000000 255.000000 255.000000 255.000000 255.000000 255.000000 255.000000 255.000000 1.000000 
255.000000 255.000000 255.000000 255.000000 255.000000 255.000000 255.000000 255.000000 1.000000 
255.000000 255.000000 255.000000 255.000000 255.000000 255.000000 255.000000 255.000000 1.000000 
255.000000 255.000000 255.000000 255.000000 255.000000 255.000000 255.000000 255.000000 1.000000 
255.000000 255.000000 255.000000 255.000000 255.000000 255.000000 255.000000 255.000000 1.000000 
255.000000 255.000000 255.000000 255.000000 255.000000 255.000000 255.000000 255.000000 1.000000 
255.000000 255.000000 255.000000 255.000000 255.000000 255.000000 255.000000 255.000000 1.000000 
255.000000 255.000000 255.000000 255.000000 255.000000 255.000000 255.000000 255.000000 1.000000 
255.000000 255.000000 255.000000 255.000000 255.000000 255.000000 255.000000 255.000000 1.000000 
255.000000 255.000000 255.000000 255.000000 255.000000 255.000000 255.000000 255.000000 1.000000 
255.000000 255.000000 255.000000 255.000000 255.000000 255.000000 255.000000 255.000000 1.000000 
255.000000 255.000000 255.000000 255.000000 255.000000 255.000000 255.000000 255.000000 1.000000 
255.000000 255.000000 255.000000 255.000000 255.000000 255.000000 255.000000 255.000000 1.000000 
255.000000 255.000000 255.000000 255.000000 255.000000 255.000000 255.000000 255.000000 1.000000 
255.000000 255.000000 255.000000 255.000000 255.000000 255.000000 255.000000 255.000000 1.000000 
255.000000 255.000000 255.000000 255.000000 255.000000 255.000000 255.000000 255.000000 1.000000 
255.000000 255.000000 255.000000 255.000000 255.000000 255.000000 255.000000 255.000000 1.000000 
255.000000 255.000000 255.000000 255.000000 255.000000 255.000000 255.000000 255.000000 1.000000 
255.000000 255.000000 255.000000 255.000000 255.000000 255.000000 255.000000 255.000000 1.000000 
255.000000 255.000000 255.000000 255.000000 255.000000 255.000000 255.000000 255.000000 1.000000 
255.000000 255.000000 255.000000 255.000000 255.000000 255.000000 255.000000 255.000000 1.000000 
255.000000 255.000000 255.000000 255.000000 255.000000 255.000000 255.000000 255.000000 1.000000 
255.000000 255.000000 255.000000 255.000000 255.000000 255.000000 255.000000 255.000000 1.000000 
255.000000 255.000000 255.000000 255.000000 255.000000 255.000000 255.000000 255.000000 1.000000 
255.000000 255.000000 255.000000 255.000000 255.000000 255.000000 255.000000 255.000000 1.000000 
255.000000 255.000000 255.000000 255.000000 255.000000 255.000000 255.000000 255.000000 1.000000 
255.000000 255.000000 255.000000 255.000000 255.000000 255.000000 255.000000 255.000000 1.000000 
255.000000 255.000000 255.000000 255.000000 255.000000 255.000000 255.000000 255.000000 1.000000 
255.000000 255.000000 255.000000 255.000000 255.000000 255.000000 255.000000 255.000000 1.000000 
255.000000 255.000000 255.000000 255.000000 255.000000 255.000000 255.000000 255.000000 1.000000 
255.000000 255.000000 255.000000 255.000000 255.000000 255.000000 255.000000 255.000000 1.000000 
255.000000 255.000000 255.000000 255.000000 255.000000 255.000000 255.000000 255.000000 1.000000 
255.000000 255.000000 255.000000 255.000000 255.000000 255.000000 255.000000 255.000000 1.000000 
255.000000 255.000000 255.000000 255.000000 255.000000 255.000000 255.000000 255.000000 1.000000 
255.000000 255.000000 255.000000 255.000000 255.000000 255.000000 255.000000 255.000000 1.000000 
255.000000 255.000000 255.000000 255.000000 255.000000 255.000000 255.000000 255.000000 1.000000 
255.000000 255.000000 255.000000 255.000000 255.000000 255.000000 255.000000 255.000000 1.000000 
255.000000 255.000000 255.000000 255.000000 255.000000 255.000000 255.000000 255.000000 1.000000 
255.000000 255.000000 255.000000 255.000000 255.000000 255.000000 255.000000 255.000000 1.000000 
255.000000 255.000000 255.000000 255.000000 255.000000 255.000000 255.000000 255.000000 1.000000 
255.000000 255.000000 255.000000 255.000000 255.000000 255.000000 255.000000 255.000000 1.000000 
255.000000 255.000000 255.000000 255.000000 255.000000 255.000000 255.000000 255.000000 1.000000 
255.000000 255.000000 255.000000 255.000000 255.000000 255.000000 255.000000 255.000000 1.000000 
255.000000 255.000000 255.000000 255.000000 255.000000 255.000000 255.000000 255.000000 1.000000 
255.000000 255.000000 255.000000 255.000000 255.000000 255.000000 255.000000 255.000000 1.000000 
255.000000 255.000000 255.000000 255.000000 255.000000 255.000000 255.000000 255.000000 1.000000 
255.000000 255.000000 255.000000 255.000000 255.000000 255.000000 255.000000 255.000000 1.000000 
255.000000 255.000000 255.000000 255.000000 255.000000 255.000000 255.000000 255.000000 1.000000 
255.000000 255.000000 255.000000 255.000000 255.000000 255.000000 255.000000 255.000000 1.000000 
255.000000 255.000000 255.000000 255.000000 255.000000 255.000000 255.000000 255.000000 1.000000 
255.000000 255.000000 255.000000 255.000000 255.000000 255.000000 255.000000 255.000000 1.000000 
255.000000 255.000000 255.000000 255.000000 255.000000 255.000000 255.000000 255.000000 1.000000 
255.000000 255.000000 255.000000 255.000000 255.000000 255.000000 255.000000 255.000000 1.000000 
255.000000 255.000000 255.000000 255.000000 255.000000 255.000000 255.000000 255.000000 1.000000 
255.000000 255.000000 255.000000 255.000000 255.000000 255.000000 255.000000 255.000000 1.000000 
255.000000 255.000000 255.000000 255.000000 255.000000 255.000000 255.000000 255.000000 1.000000 
255.000000 255.000000 255.000000 255.000000 255.000000 255.000000 255.000000 255.000000 1.000000 
255.000000 255.000000 255.000000 255.000000 255.000000 255.000000 255.000000 255.000000 1.000000 
255.000000 255.000000 255.000000 255.000000 255.000000 255.000000 255.000000 255.000000 1.000000 
255.000000 255.000000 255.000000 255.000000 255.000000 255.000000 255.000000 255.000000 1.000000 
255.000000 255.000000 255.000000 255.000000 255.000000 255.000000 255.000000 255.000000 1.000000 
255.000000 255.000000 255.000000 255.000000 255.000000 255.000000 255.000000 255.000000 1.000000 
255.000000 255.000000 255.000000 255.000000 255.000000 255.000000 255.000000 255.000000 1.000000 
255.000000 255.000000 255.000000 255.000000 255.000000 255.000000 255.000000 255.000000 1.000000 
255.000000 255.000000 255.000000 255.000000 255.000000 255.000000 255.000000 255.000000 1.000000 
255.000000 255.000000 255.000000 255.000000 255.000000 255.000000 255.000000 255.000000 1.000000 
255.000000 255.000000 255.000000 255.000000 255.000000 255.000000 255.000000 255.000000 1.000000 
255.000000 255.000000 255.000000 255.000000 255.000000 255.000000 255.000000 255.000000 1.000000 
255.000000 255.000000 255.000000 255.000000 255.000000 255.000000 255.000000 255.000000 1.000000 
255.000000 255.000000 255.000000 255.000000 255.000000 255.000000 255.000000 255.000000 1.000000 
255.000000 255.000000 255.000000 255.000000 255.000000 255.000000 255.000000 255.000000 1.000000 
255.000000 255.000000 255.000000 255.000000 255.000000 255.000000 255.000000 255.000000 1.000000 
255.000000 255.000000 255.000000 255.000000 255.000000 255.000000 255.000000 255.000000 1.000000 
255.000000 255.000000 255.000000 255.000000 255.000000 255.000000 255.000000 255.000000 2.000000 
255.000000 255.000000 255.000000 255.000000 255.000000 255.000000 255.000000 255.000000 2.000000 
255.000000 255.000000 255.000000 255.000000 255.000000 255.000000 255.000000 255.000000 2.000000 
255.000000 255.000000 255.000000 255.000000 255.000000 255.000000 255.000000 255.000000 2.000000 
255.000000 255.000000 255.000000 255.000000 255.000000 255.000000 255.000000 255.000000 2.000000 
255.000000 255.000000 255.000000 255.000000 255.000000 255.000000 255.000000 255.000000 2.000000 
255.000000 255.000000 255.000000 255.000000 255.000000 255.000000 255.000000 255.000000 2.000000 
255.000000 255.000000 255.000000 255.000000 255.000000 255.000000 255.000000 255.000000 2.000000 
255.000000 255.000000 255.000000 255.000000 255.000000 255.000000 255.000000 255.000000 2.000000 
255.000000 255.000000 255.000000 255.000000 255.000000 255.000000 255.000000 255.000000 2.000000 
255.000000 255.000000 255.000000 255.000000 255.000000 255.000000 255.000000 255.000000 2.000000 
255.000000 255.000000 255.000000 255.000000 255.000000 255.000000 255.000000 255.000000 2.000000 
255.000000 255.000000 255.000000 255.000000 255.000000 255.000000 255.000000 255.000000 2.000000 
255.000000 255.000000 255.000000 255.000000 255.000000 255.000000 255.000000 255.000000 2.000000 
255.000000 255.000000 255.000000 255.000000 255.000000 255.000000 255.000000 255.000000 2.000000 
255.000000 255.000000 255.000000 255.000000 255.000000 255.000000 255.000000 255.000000 2.000000 
255.000000 255.000000 255.000000 255.000000 255.000000 255.000000 255.000000 255.000000 2.000000 
255.000000 255.000000 255.000000 255.000000 255.000000 255.000000 255.000000 255.000000 2.000000 
255.000000 255.000000 255.000000 255.000000 255.000000 255.000000 255.000000 255.000000 2.000000 
255.000000 255.000000 255.000000 255.000000 255.000000 255.000000 255.000000 255.000000 2.000000 
255.000000 255.000000 255.000000 255.000000 255.000000 255.000000 255.000000 255.000000 2.000000 
255.000000 255.000000 255.000000 255.000000 255.000000 255.000000 255.000000 255.000000 2.000000 
255.000000 255.000000 255.000000 255.000000 255.000000 255.000000 255.000000 255.000000 2.000000 
255.000000 255.000000 255.000000 255.000000 255.000000 255.000000 255.000000 255.000000 2.000000 
255.000000 255.000000 255.000000 255.000000 255.000000 255.000000 255.000000 255.000000 2.000000 
255.000000 255.000000 255.000000 255.000000 255.000000 255.000000 255.000000 255.000000 2.000000 
255.000000 255.000000 255.000000 255.000000 255.000000 255.000000 255.000000 255.000000 2.000000 
255.000000 255.000000 255.000000 255.000000 255.000000 255.000000 255.000000 255.000000 2.000000 
255.000000 255.000000 255.000000 255.000000 255.000000 255.000000 255.000000 255.000000 2.000000 
255.000000 255.000000 255.000000 255.000000 255.000000 255.000000 255.000000 255.000000 2.000000 
255.000000 255.000000 255.000000 255.000000 255.000000 255.000000 255.000000 255.000000 2.000000 
255.000000 255.000000 255.000000 255.000000 255.000000 255.000000 255.000000 255.000000 2.000000 
255.000000 255.000000 255.000000 255.000000 255.000000 255.000000 255.000000 255.000000 2.000000 
255.000000 255.000000 255.000000 255.000000 255.000000 255.000000 255.000000 255.000000 2.000000 
255.000000 255.000000 255.000000 255.000000 255.000000 255.000000 255.000000 255.000000 2.000000 
255.000000 255.000000 255.000000 255.000000 255.000000 255.000000 255.000000 255.000000 2.000000 
255.000000 255.000000 255.000000 255.000000 255.000000 255.000000 255.000000 255.000000 2.000000 
255.000000 255.000000 255.000000 255.000000 255.000000 255.000000 255.000000 255.000000 2.000000 
255.000000 255.000000 255.000000 255.000000 255.000000 255.000000 255.000000 255.000000 2.000000 
255.000000 255.000000 255.000000 255.000000 255.000000 255.000000 255.000000 255.000000 2.000000 
255.000000 255.000000 255.000000 255.000000 255.000000 255.000000 255.000000 255.000000 2.000000 
255.000000 255.000000 255.000000 255.000000 255.000000 255.000000 255.000000 255.000000 2.000000 
255.000000 255.000000 255.000000 255.000000 255.000000 255.000000 255.000000 255.000000 2.000000 
255.000000 255.000000 255.000000 255.000000 255.000000 255.000000 255.000000 255.000000 2.000000 
255.000000 255.000000 255.000000 255.000000 255.000000 255.000000 255.000000 255.000000 2.000000 
255.000000 255.000000 255.000000 255.000000 255.000000 255.000000 255.000000 255.000000 2.000000 
255.000000 255.000000 255.000000 255.000000 255.000000 255.000000 255.000000 255.000000 2.000000 
255.000000 255.000000 255.000000 255.000000 255.000000 255.000000 255.000000 255.000000 2.000000 
255.000000 255.000000 255.000000 255.000000 255.000000 255.000000 255.000000 255.000000 2.000000 
255.000000 255.000000 255.000000 255.000000 255.000000 255.000000 255.000000 255.000000 2.000000 
255.000000 255.000000 255.000000 255.000000 255.000000 255.000000 255.000000 255.000000 2.000000 
255.000000 255.000000 255.000000 255.000000 255.000000 255.000000 255.000000 255.000000 2.000000 
255.000000 255.000000 255.000000 255.000000 255.000000 255.000000 255.000000 255.000000 2.000000 
255.000000 255.000000 255.000000 255.000000 255.000000 255.000000 255.000000 255.000000 2.000000 
255.000000 255.000000 255.000000 255.000000 255.000000 255.000000 255.000000 255.000000 2.000000 
255.000000 255.000000 255.000000 255.000000 255.000000 255.000000 255.000000 255.000000 2.000000 
255.000000 255.000000 255.000000 255.000000 255.000000 255.000000 255.000000 255.000000 2.000000 
255.000000 255.000000 255.000000 255.000000 255.000000 255.000000 255.000000 255.000000 2.000000 
255.000000 255.000000 255.000000 255.000000 255.000000 255.000000 255.000000 255.000000 2.000000 
255.000000 255.000000 255.000000 255.000000 255.000000 255.000000 255.000000 255.000000 2.000000 
255.000000 255.000000 255.000000 255.000000 255.000000 255.000000 255.000000 255.000000 2.000000 
255.000000 255.000000 255.000000 255.000000 255.000000 255.000000 255.000000 255.000000 2.000000 
255.000000 255.000000 255.000000 255.000000 255.000000 255.000000 255.000000 255.000000 2.000000 
255.000000 255.000000 255.000000 255.000000 255.000000 255.000000 255.000000 255.000000 2.000000 
255.000000 255.000000 255.000000 255.000000 255.000000 255.000000 255.000000 255.000000 2.000000 
255.000000 255.000000 255.000000 255.000000 255.000000 255.000000 255.000000 255.000000 2.000000 
255.000000 255.000000 255.000000 255.000000 255.000000 255.000000 255.000000 255.000000 2.000000 
255.000000 255.000000 255.000000 255.000000 255.000000 255.000000 255.000000 255.000000 2.000000 
255.000000 255.000000 255.000000 255.000000 255.000000 255.000000 255.000000 255.000000 2.000000 
255.000000 255.000000 255.000000 255.000000 255.000000 255.000000 255.000000 255.000000 2.000000 
255.000000 255.000000 255.000000 255.000000 255.000000 255.000000 255.000000 255.000000 2.000000 
255.000000 255.000000 255.000000 255.000000 255.000000 255.000000 255.000000 255.000000 2.000000 
255.000000 255.000000 255.000000 255.000000 255.000000 255.000000 255.000000 255.000000 2.000000 
255.000000 255.000000 255.000000 255.000000 255.000000 255.000000 255.000000 255.000000 2.000000 
255.000000 255.000000 255.000000 255.000000 255.000000 255.000000 255.000000 255.000000 2.000000 
255.000000 255.000000 255.000000 255.000000 255.000000 255.000000 255.000000 255.000000 2.000000 
255.000000 255.000000 255.000000 255.000000 255.000000 255.000000 255.000000 255.000000 2.000000 
255.000000 255.000000 255.000000 255.000000 255.000000 255.000000 255.000000 255.000000 2.000000 
255.000000 255.000000 255.000000 255.000000 255.000000 255.000000 255.000000 255.000000 2.000000 
255.000000 255.000000 255.000000 255.000000 255.000000 255.000000 255.000000 255.000000 2.000000 
255.000000 255.000000 255.000000 255.000000 255.000000 255.000000 255.000000 255.000000 2.000000 
255.000000 255.000000 255.000000 255.000000 255.000000 255.000000 255.000000 255.000000 2.000000 
255.000000 255.000000 255.000000 255.000000 255.000000 255.000000 255.000000 255.000000 2.000000 
255.000000 255.000000 255.000000 255.000000 255.000000 255.000000 255.000000 255.000000 2.000000 
255.000000 255.000000 255.000000 255.000000 255.000000 255.000000 255.000000 255.000000 2.000000 
255.000000 255.000000 255.000000 255.000000 255.000000 255.000000 255.000000 255.000000 2.000000 
255.000000 255.000000 255.000000 255.000000 255.000000 255.000000 255.000000 255.000000 2.000000 
255.000000 255.000000 255.000000 255.000000 255.000000 255.000000 255.000000 255.000000 2.000000 
255.000000 255.000000 255.000000 255.000000 255.000000 255.000000 255.000000 255.000000 2.000000 
255.000000 255.000000 255.000000 255.000000 255.000000 255.000000 255.000000 255.000000 2.000000 
255.000000 255.000000 255.000000 255.000000 255.000000 255.000000 255.000000 255.000000 2.000000 
255.000000 255.000000 255.000000 255.000000 255.000000 255.000000 255.000000 255.000000 2.000000 
255.000000 255.000000 255.000000 255.000000 255.000000 255.000000 255.000000 255.000000 2.000000 
255.000000 255.000000 255.000000 255.000000 255.000000 255.000000 255.000000 255.000000 2.000000 
255.000000 255.000000 255.000000 255.000000 255.000000 255.000000 255.000000 255.000000 2.000000 
255.000000 255.000000 255.000000 255.000000 255.000000 255.000000 255.000000 255.000000 2.000000 
255.000000 255.000000 255.000000 255.000000 255.000000 255.000000 255.000000 255.000000 2.000000 
225.000000 225.000000 225.000000 225.000000 225.000000 225.000000 225.000000 225.000000 2.000000 
225.000000 225.000000 225.000000 225.000000 225.000000 225.000000 225.000000 225.000000 2.000000 
225.000000 225.000000 225.000000 225.000000 225.000000 225.000000 225.000000 225.000000 2.000000 
182.000000 182.000000 182.000000 182.000000 182.000000 182.000000 182.000000 182.000000 2.000000 
182.000000 182.000000 182.000000 182.000000 182.000000 182.000000 182.000000 182.000000 2.000000 
182.000000 182.000000 182.000000 182.000000 182.000000 182.000000 182.000000 182.000000 2.000000 
182.000000 182.000000 182.000000 182.000000 182.000000 182.000000 182.000000 182.000000 2.000000 
127.000000 127.000000 127.000000 127.000000 127.000000 127.000000 127.000000 127.000000 2.000000 
127.000000 127.000000 127.000000 127.000000 127.000000 127.000000 127.000000 127.000000 2.000000 
127.000000 127.000000 127.000000 127.000000 127.000000 127.000000 127.000000 127.000000 2.000000 
85.000000 85.000000 85.000000 85.000000 85.000000 85.000000 85.000000 85.000000 2.000000 
85.000000 85.000000 85.000000 85.000000 85.000000 85.000000 85.000000 85.000000 2.000000 
85.000000 85.000000 85.000000 85.000000 85.000000 85.000000 85.000000 85.000000 2.000000 
85.000000 85.000000 85.000000 85.000000 85.000000 85.000000 85.000000 85.000000 2.000000 
85.000000 85.000000 85.000000 85.000000 85.000000 85.000000 85.000000 85.000000 2.000000 
85.000000 85.000000 85.000000 85.000000 85.000000 85.000000 85.000000 85.000000 2.000000 
85.000000 85.000000 85.000000 85.000000 85.000000 85.000000 85.000000 85.000000 2.000000 
85.000000 85.000000 85.000000 85.000000 85.000000 85.000000 85.000000 85.000000 2.000000 
85.000000 85.000000 85.000000 85.000000 85.000000 85.000000 85.000000 85.000000 2.000000 
85.000000 85.000000 85.000000 85.000000 85.000000 85.000000 85.000000 85.000000 2.000000 
85.000000 85.000000 85.000000 85.000000 85.000000 85.000000 85.000000 85.000000 2.000000 
85.000000 85.000000 85.000000 85.000000 85.000000 85.000000 85.000000 85.000000 2.000000 
85.000000 85.000000 85.000000 85.000000 85.000000 85.000000 85.000000 85.000000 2.000000 
85.000000 85.000000 85.000000 85.000000 85.000000 85.000000 85.000000 85.000000 2.000000 
85.000000 85.000000 85.000000 85.000000 85.000000 85.000000 85.000000 85.000000 2.000000 
85.000000 85.000000 85.000000 85.000000 85.000000 85.000000 85.000000 85.000000 2.000000 
85.000000 85.000000 85.000000 85.000000 85.000000 85.000000 85.000000 85.000000 2.000000 
85.000000 85.000000 85.000000 85.000000 85.000000 85.000000 85.000000 85.000000 2.000000 
85.000000 85.000000 85.000000 85.000000 85.000000 85.000000 85.000000 85.000000 2.000000 
85.000000 85.000000 85.000000 85.000000 85.000000 85.000000 85.000000 85.000000 2.000000 
85.000000 85.000000 85.000000 85.000000 85.000000 85.000000 85.000000 85.000000 2.000000 
85.000000 85.000000 85.000000 85.000000 85.000000 85.000000 85.000000 85.000000 2.000000 
85.000000 85.000000 85.000000 85.000000 85.000000 85.000000 85.000000 85.000000 2.000000 
85.000000 85.000000 85.000000 85.000000 85.000000 85.000000 85.000000 85.000000 2.000000 
85.000000 85.000000 85.000000 85.000000 85.000000 85.000000 85.000000 85.000000 2.000000 
85.000000 85.000000 85.000000 85.000000 85.000000 85.000000 85.000000 85.000000 2.000000 
85.000000 85.000000 85.000000 85.000000 85.000000 85.000000 85.000000 85.000000 2.000000 
85.000000 85.000000 85.000000 85.000000 85.000000 85.000000 85.000000 85.000000 2.000000 
85.000000 85.000000 85.000000 85.000000 85.000000 85.000000 85.000000 85.000000 2.000000 
85.000000 85.000000 85.000000 85.000000 85.000000 85.000000 85.000000 85.000000 2.000000 
85.000000 85.000000 85.000000 85.000000 85.000000 85.000000 85.000000 85.000000 2.000000 
85.000000 85.000000 85.000000 85.000000 85.000000 85.000000 85.000000 85.000000 2.000000 
85.000000 85.000000 85.000000 85.000000 85.000000 85.000000 85.000000 85.000000 2.000000 
85.000000 85.000000 85.000000 85.000000 85.000000 85.000000 85.000000 85.000000 2.000000 
85.000000 85.000000 85.000000 85.000000 85.000000 85.000000 85.000000 85.000000 2.000000 
85.000000 85.000000 85.000000 85.000000 85.000000 85.000000 85.000000 85.000000 2.000000 
85.000000 85.000000 85.000000 85.000000 85.000000 85.000000 85.000000 85.000000 2.000000 
85.000000 85.000000 85.000000 85.000000 85.000000 85.000000 85.000000 85.000000 2.000000 
85.000000 85.000000 85.000000 85.000000 85.000000 85.000000 85.000000 85.000000 2.000000 
85.000000 85.000000 85.000000 85.000000 85.000000 85.000000 85.000000 85.000000 2.000000 
85.000000 85.000000 85.000000 85.000000 85.000000 85.000000 85.000000 85.000000 2.000000 
85.000000 85.000000 85.000000 85.000000 85.000000 85.000000 85.000000 85.000000 2.000000 
85.000000 85.000000 85.000000 85.000000 85.000000 85.000000 85.000000 85.000000 2.000000 
85.000000 85.000000 85.000000 85.000000 85.000000 85.000000 85.000000 85.000000 2.000000 
85.000000 85.000000 85.000000 85.000000 85.000000 85.000000 85.000000 85.000000 2.000000 
85.000000 85.000000 85.000000 85.000000 85.000000 85.000000 85.000000 85.000000 2.000000 
85.000000 85.000000 85.000000 85.000000 85.000000 85.000000 85.000000 85.000000 2.000000 
85.000000 85.000000 85.000000 85.000000 85.000000 85.000000 85.000000 85.000000 2.000000 
85.000000 85.000000 85.000000 85.000000 85.000000 85.000000 85.000000 85.000000 2.000000 
85.000000 85.000000 85.000000 85.000000 85.000000 85.000000 85.000000 85.000000 2.000000 
85.000000 85.000000 85.000000 85.000000 85.000000 85.000000 85.000000 85.000000 2.000000 
85.000000 85.000000 85.000000 85.000000 85.000000 85.000000 85.000000 85.000000 2.000000 
85.000000 85.000000 85.000000 85.000000 85.000000 85.000000 85.000000 85.000000 2.000000 
85.000000 85.000000 85.000000 85.000000 85.000000 85.000000 85.000000 85.000000 2.000000 
85.000000 85.000000 85.000000 85.000000 85.000000 85.000000 85.000000 85.000000 2.000000 
85.000000 85.000000 85.000000 85.000000 85.000000 85.000000 85.000000 85.000000 2.000000 
85.000000 85.000000 85.000000 85.000000 85.000000 85.000000 85.000000 85.000000 2.000000 
85.000000 85.000000 85.000000 85.000000 85.000000 85.000000 85.000000 85.000000 2.000000 
85.000000 85.000000 85.000000 85.000000 85.000000 85.000000 85.000000 85.000000 2.000000 
85.000000 85.000000 85.000000 85.000000 85.000000 85.000000 85.000000 85.000000 2.000000 
85.000000 85.000000 85.000000 85.000000 85.000000 85.000000 85.000000 85.000000 2.000000 
85.000000 85.000000 85.000000 85.000000 85.000000 85.000000 85.000000 85.000000 2.000000 
85.000000 85.000000 85.000000 85.000000 85.000000 85.000000 85.000000 85.000000 2.000000 
85.000000 85.000000 85.000000 85.000000 85.000000 85.000000 85.000000 85.000000 2.000000 
85.000000 85.000000 85.000000 85.000000 85.000000 85.000000 85.000000 85.000000 2.000000 
85.000000 85.000000 85.000000 85.000000 85.000000 85.000000 85.000000 85.000000 2.000000 
85.000000 85.000000 85.000000 85.000000 85.000000 85.000000 85.000000 85.000000 2.000000 
85.000000 85.000000 85.000000 85.000000 85.000000 85.000000 85.000000 85.000000 2.000000 
85.000000 85.000000 85.000000 85.000000 85.000000 85.000000 85.000000 85.000000 2.000000 
85.000000 85.000000 85.000000 85.000000 85.000000 85.000000 85.000000 85.000000 2.000000 
85.000000 85.000000 85.000000 85.000000 85.000000 85.000000 85.000000 85.000000 2.000000 
85.000000 85.000000 85.000000 85.000000 85.000000 85.000000 85.000000 85.000000 2.000000 
85.000000 85.000000 85.000000 85.000000 85.000000 85.000000 85.000000 85.000000 2.000000 
85.000000 85.000000 85.000000 85.000000 85.000000 85.000000 85.000000 85.000000 2.000000 
85.000000 85.000000 85.000000 85.000000 85.000000 85.000000 85.000000 85.000000 3.000000 
85.000000 85.000000 85.000000 85.000000 85.000000 85.000000 85.000000 85.000000 3.000000 
85.000000 85.000000 85.000000 85.000000 85.000000 85.000000 85.000000 85.000000 3.000000 
85.000000 85.000000 85.000000 85.000000 85.000000 85.000000 85.000000 85.000000 3.000000 
85.000000 85.000000 85.000000 85.000000 85.000000 85.000000 85.000000 85.000000 3.000000 
85.000000 85.000000 85.000000 85.000000 85.000000 85.000000 85.000000 85.000000 3.000000 
85.000000 85.000000 85.000000 85.000000 85.000000 85.000000 85.000000 85.000000 3.000000 
85.000000 85.000000 85.000000 85.000000 85.000000 85.000000 85.000000 85.000000 3.000000 
85.000000 85.000000 85.000000 85.000000 85.000000 85.000000 85.000000 85.000000 3.000000 
85.000000 85.000000 85.000000 85.000000 85.000000 85.000000 85.000000 85.000000 3.000000 
85.000000 85.000000 85.000000 85.000000 85.000000 85.000000 85.000000 85.000000 3.000000 
85.000000 85.000000 85.000000 85.000000 85.000000 85.000000 85.000000 85.000000 3.000000 
85.000000 85.000000 85.000000 85.000000 85.000000 85.000000 85.000000 85.000000 3.000000 
85.000000 85.000000 85.000000 85.000000 85.000000 85.000000 85.000000 85.000000 3.000000 
85.000000 85.000000 85.000000 85.000000 85.000000 85.000000 85.000000 85.000000 3.000000 
85.000000 85.000000 85.000000 85.000000 85.000000 85.000000 85.000000 85.000000 3.000000 
85.000000 85.000000 85.000000 85.000000 85.000000 85.000000 85.000000 85.000000 3.000000 
85.000000 85.000000 85.000000 85.000000 85.000000 85.000000 85.000000 85.000000 3.000000 
85.000000 85.000000 85.000000 85.000000 85.000000 85.000000 85.000000 85.000000 3.000000 
85.000000 85.000000 85.000000 85.000000 85.000000 85.000000 85.000000 85.000000 3.000000 
85.000000 85.000000 85.000000 85.000000 85.000000 85.000000 85.000000 85.000000 3.000000 
85.000000 85.000000 85.000000 85.000000 85.000000 85.000000 85.000000 85.000000 3.000000 
85.000000 85.000000 85.000000 85.000000 85.000000 85.000000 85.000000 85.000000 3.000000 
85.000000 85.000000 85.000000 85.000000 85.000000 85.000000 85.000000 85.000000 3.000000 
85.000000 85.000000 85.000000 85.000000 85.000000 85.000000 85.000000 85.000000 3.000000 
85.000000 85.000000 85.000000 85.000000 85.000000 85.000000 85.000000 85.000000 3.000000 
85.000000 85.000000 85.000000 85.000000 85.000000 85.000000 85.000000 85.000000 3.000000 
85.000000 85.000000 85.000000 85.000000 85.000000 85.000000 85.000000 85.000000 3.000000 
85.000000 85.000000 85.000000 85.000000 85.000000 85.000000 85.000000 85.000000 3.000000 
85.000000 85.000000 85.000000 85.000000 85.000000 85.000000 85.000000 85.000000 3.000000 
85.000000 85.000000 85.000000 85.000000 85.000000 85.000000 85.000000 85.000000 3.000000 
85.000000 85.000000 85.000000 85.000000 85.000000 85.000000 85.000000 85.000000 3.000000 
85.000000 85.000000 85.000000 85.000000 85.000000 85.000000 85.000000 85.000000 3.000000 
85.000000 85.000000 85.000000 85.000000 85.000000 85.000000 85.000000 85.000000 3.000000 
85.000000 85.000000 85.000000 85.000000 85.000000 85.000000 85.000000 85.000000 3.000000 
85.000000 85.000000 85.000000 85.000000 85.000000 85.000000 85.000000 85.000000 3.000000 
85.000000 85.000000 85.000000 85.000000 85.000000 85.000000 85.000000 85.000000 3.000000 
85.000000 85.000000 85.000000 85.000000 85.000000 85.000000 85.000000 85.000000 3.000000 
85.000000 85.000000 85.000000 85.000000 85.000000 85.000000 85.000000 85.000000 3.000000 
85.000000 85.000000 85.000000 85.000000 85.000000 85.000000 85.000000 85.000000 3.000000 
85.000000 85.000000 85.000000 85.000000 85.000000 85.000000 85.000000 85.000000 3.000000 
85.000000 85.000000 85.000000 85.000000 85.000000 85.000000 85.000000 85.000000 3.000000 
85.000000 85.000000 85.000000 85.000000 85.000000 85.000000 85.000000 85.000000 3.000000 
85.000000 85.000000 85.000000 85.000000 85.000000 85.000000 85.000000 85.000000 3.000000 
85.000000 85.000000 85.000000 85.000000 85.000000 85.000000 85.000000 85.000000 3.000000 
85.000000 85.000000 85.000000 85.000000 85.000000 85.000000 85.000000 85.000000 3.000000 
85.000000 85.000000 85.000000 85.000000 85.000000 85.000000 85.000000 85.000000 3.000000 
85.000000 85.000000 85.000000 85.000000 85.000000 85.000000 85.000000 85.000000 3.000000 
85.000000 85.000000 85.000000 85.000000 85.000000 85.000000 85.000000 85.000000 3.000000 
85.000000 85.000000 85.000000 85.000000 85.000000 85.000000 85.000000 85.000000 3.000000 
85.000000 85.000000 85.000000 85.000000 85.000000 85.000000 85.000000 85.000000 3.000000 
85.000000 85.000000 85.000000 85.000000 85.000000 85.000000 85.000000 85.000000 3.000000 
85.000000 85.000000 85.000000 85.000000 85.000000 85.000000 85.000000 85.000000 3.000000 
85.000000 85.000000 85.000000 85.000000 85.000000 85.000000 85.000000 85.000000 3.000000 
85.000000 85.000000 85.000000 85.000000 85.000000 85.000000 85.000000 85.000000 3.000000 
85.000000 85.000000 85.000000 85.000000 85.000000 85.000000 85.000000 85.000000 3.000000 
85.000000 85.000000 85.000000 85.000000 85.000000 85.000000 85.000000 85.000000 3.000000 
85.000000 85.000000 85.000000 85.000000 85.000000 85.000000 85.000000 85.000000 3.000000 
85.000000 85.000000 85.000000 85.000000 85.000000 85.000000 85.000000 85.000000 3.000000 
85.000000 85.000000 85.000000 85.000000 85.000000 85.000000 85.000000 85.000000 3.000000 
85.000000 85.000000 85.000000 85.000000 85.000000 85.000000 85.000000 85.000000 3.000000 
85.000000 85.000000 85.000000 85.000000 85.000000 85.000000 85.000000 85.000000 3.000000 
85.000000 85.000000 85.000000 85.000000 85.000000 85.000000 85.000000 85.000000 3.000000 
85.000000 85.000000 85.000000 85.000000 85.000000 85.000000 85.000000 85.000000 3.000000 
85.000000 85.000000 85.000000 85.000000 85.000000 85.000000 85.000000 85.000000 3.000000 
85.000000 85.000000 85.000000 85.000000 85.000000 85.000000 85.000000 85.000000 3.000000 
85.000000 85.000000 85.000000 85.000000 85.000000 85.000000 85.000000 85.000000 3.000000 
85.000000 85.000000 85.000000 85.000000 85.000000 85.000000 85.000000 85.000000 3.000000 
85.000000 85.000000 85.000000 85.000000 85.000000 85.000000 85.000000 85.000000 3.000000 
85.000000 85.000000 85.000000 85.000000 85.000000 85.000000 85.000000 85.000000 3.000000 
85.000000 85.000000 85.000000 85.000000 85.000000 85.000000 85.000000 85.000000 3.000000 
85.000000 85.000000 85.000000 85.000000 85.000000 85.000000 85.000000 85.000000 3.000000 
85.000000 85.000000 85.000000 85.000000 85.000000 85.000000 85.000000 85.000000 3.000000 
85.000000 85.000000 85.000000 85.000000 85.000000 85.000000 85.000000 85.000000 3.000000 
85.000000 85.000000 85.000000 85.000000 85.000000 85.000000 85.000000 85.000000 3.000000 
85.000000 85.000000 85.000000 85.000000 85.000000 85.000000 85.000000 85.000000 3.000000 
85.000000 85.000000 85.000000 85.000000 85.000000 85.000000 85.000000 85.000000 3.000000 
85.000000 85.000000 85.000000 85.000000 85.000000 85.000000 85.000000 85.000000 3.000000 
85.000000 85.000000 85.000000 85.000000 85.000000 85.000000 85.000000 85.000000 3.000000 
85.000000 85.000000 85.000000 85.000000 85.000000 85.000000 85.000000 85.000000 3.000000 
85.000000 85.000000 85.000000 85.000000 85.000000 85.000000 85.000000 85.000000 3.000000 
85.000000 85.000000 85.000000 85.000000 85.000000 85.000000 85.000000 85.000000 3.000000 
85.000000 85.000000 85.000000 85.000000 85.000000 85.000000 85.000000 85.000000 3.000000 
85.000000 85.000000 85.000000 85.000000 85.000000 85.000000 85.000000 85.000000 3.000000 
85.000000 85.000000 85.000000 85.000000 85.000000 85.000000 85.000000 85.000000 3.000000 
85.000000 85.000000 85.000000 85.000000 85.000000 85.000000 85.000000 85.000000 3.000000 
85.000000 85.000000 85.000000 85.000000 85.000000 85.000000 85.000000 85.000000 3.000000 
85.000000 85.000000 85.000000 85.000000 85.000000 85.000000 85.000000 85.000000 3.000000 
85.000000 85.000000 85.000000 85.000000 85.000000 85.000000 85.000000 85.000000 3.000000 
85.000000 85.000000 85.000000 85.000000 85.000000 85.000000 85.000000 85.000000 3.000000 
85.000000 85.000000 85.000000 85.000000 85.000000 85.000000 85.000000 85.000000 3.000000 
85.000000 85.000000 85.000000 85.000000 85.000000 85.000000 85.000000 85.000000 3.000000 
85.000000 85.000000 85.000000 85.000000 85.000000 85.000000 85.000000 85.000000 3.000000 
85.000000 85.000000 85.000000 85.000000 85.000000 85.000000 85.000000 85.000000 3.000000 
85.000000 85.000000 85.000000 85.000000 85.000000 85.000000 85.000000 85.000000 3.000000 
85.000000 85.000000 85.000000 85.000000 85.000000 85.000000 85.000000 85.000000 3.000000 
85.000000 85.000000 85.000000 85.000000 85.000000 85.000000 85.000000 85.000000 3.000000 
85.000000 85.000000 85.000000 85.000000 85.000000 85.000000 85.000000 85.000000 3.000000 
85.000000 85.000000 85.000000 85.000000 85.000000 85.000000 85.000000 85.000000 3.000000 
85.000000 85.000000 85.000000 85.000000 85.000000 85.000000 85.000000 85.000000 3.000000 
85.000000 85.000000 85.000000 85.000000 85.000000 85.000000 85.000000 85.000000 3.000000 
85.000000 85.000000 85.000000 85.000000 85.000000 85.000000 85.000000 85.000000 3.000000 
85.000000 85.000000 85.000000 85.000000 85.000000 85.000000 85.000000 85.000000 3.000000 
85.000000 85.000000 85.000000 85.000000 85.000000 85.000000 85.000000 85.000000 3.000000 
85.000000 85.000000 85.000000 85.000000 85.000000 85.000000 85.000000 85.000000 3.000000 
