75.000000 94.000000 96.000000 96.000000 94.000000 
75.000000 94.000000 96.000000 96.000000 94.000000 
75.000000 94.000000 96.000000 96.000000 94.000000 
75.000000 94.000000 96.000000 96.000000 94.000000 
75.000000 94.000000 96.000000 96.000000 94.000000 
75.000000 94.000000 96.000000 96.000000 94.000000 
75.000000 94.000000 96.000000 96.000000 94.000000 
75.000000 94.000000 96.000000 96.000000 94.000000 
75.000000 94.000000 96.000000 96.000000 94.000000 
75.000000 94.000000 96.000000 96.000000 94.000000 
75.000000 94.000000 96.000000 96.000000 94.000000 
75.000000 94.000000 96.000000 96.000000 94.000000 
75.000000 94.000000 96.000000 96.000000 94.000000 
75.000000 94.000000 96.000000 96.000000 94.000000 
75.000000 94.000000 96.000000 96.000000 94.000000 
75.000000 94.000000 96.000000 96.000000 94.000000 
75.000000 94.000000 96.000000 96.000000 94.000000 
75.000000 94.000000 96.000000 96.000000 94.000000 
75.000000 94.000000 96.000000 96.000000 94.000000 
75.000000 94.000000 96.000000 96.000000 94.000000 
75.000000 94.000000 96.000000 96.000000 94.000000 
75.000000 94.000000 96.000000 96.000000 94.000000 
75.000000 94.000000 96.000000 96.000000 94.000000 
75.000000 94.000000 96.000000 96.000000 94.000000 
75.000000 94.000000 96.000000 96.000000 94.000000 
75.000000 94.000000 96.000000 96.000000 94.000000 
75.000000 94.000000 96.000000 96.000000 94.000000 
75.000000 94.000000 96.000000 96.000000 94.000000 
75.000000 94.000000 96.000000 96.000000 94.000000 
75.000000 94.000000 96.000000 96.000000 94.000000 
75.000000 94.000000 96.000000 96.000000 94.000000 
75.000000 94.000000 96.000000 96.000000 94.000000 
75.000000 94.000000 96.000000 96.000000 94.000000 
75.000000 94.000000 96.000000 96.000000 94.000000 
75.000000 94.000000 96.000000 96.000000 94.000000 
75.000000 94.000000 96.000000 96.000000 94.000000 
75.000000 94.000000 96.000000 96.000000 94.000000 
75.000000 94.000000 96.000000 96.000000 94.000000 
75.000000 94.000000 96.000000 96.000000 94.000000 
75.000000 94.000000 96.000000 96.000000 94.000000 
75.000000 94.000000 96.000000 96.000000 94.000000 
75.000000 94.000000 96.000000 96.000000 94.000000 
75.000000 94.000000 96.000000 96.000000 94.000000 
75.000000 94.000000 96.000000 96.000000 94.000000 
75.000000 94.000000 96.000000 96.000000 94.000000 
75.000000 94.000000 96.000000 96.000000 94.000000 
75.000000 94.000000 96.000000 96.000000 94.000000 
75.000000 94.000000 96.000000 96.000000 94.000000 
75.000000 94.000000 96.000000 96.000000 94.000000 
75.000000 94.000000 96.000000 96.000000 94.000000 
75.000000 94.000000 96.000000 96.000000 94.000000 
75.000000 94.000000 96.000000 96.000000 94.000000 
75.000000 94.000000 96.000000 96.000000 94.000000 
75.000000 94.000000 96.000000 96.000000 94.000000 
75.000000 94.000000 96.000000 96.000000 94.000000 
75.000000 94.000000 96.000000 96.000000 94.000000 
75.000000 94.000000 96.000000 96.000000 94.000000 
75.000000 94.000000 96.000000 96.000000 94.000000 
75.000000 94.000000 96.000000 96.000000 94.000000 
75.000000 94.000000 96.000000 96.000000 94.000000 
75.000000 94.000000 96.000000 96.000000 94.000000 
75.000000 94.000000 96.000000 96.000000 94.000000 
75.000000 94.000000 96.000000 96.000000 94.000000 
75.000000 94.000000 96.000000 96.000000 94.000000 
75.000000 94.000000 96.000000 96.000000 94.000000 
75.000000 94.000000 96.000000 96.000000 94.000000 
75.000000 94.000000 96.000000 96.000000 94.000000 
75.000000 94.000000 96.000000 96.000000 94.000000 
75.000000 94.000000 96.000000 96.000000 94.000000 
75.000000 94.000000 96.000000 96.000000 94.000000 
75.000000 94.000000 96.000000 96.000000 94.000000 
75.000000 94.000000 96.000000 96.000000 94.000000 
75.000000 94.000000 96.000000 96.000000 94.000000 
75.000000 94.000000 96.000000 96.000000 94.000000 
75.000000 94.000000 96.000000 96.000000 94.000000 
75.000000 94.000000 96.000000 96.000000 94.000000 
75.000000 94.000000 96.000000 96.000000 94.000000 
75.000000 94.000000 96.000000 96.000000 94.000000 
75.000000 94.000000 96.000000 96.000000 94.000000 
75.000000 94.000000 96.000000 96.000000 94.000000 
75.000000 94.000000 96.000000 96.000000 94.000000 
75.000000 94.000000 96.000000 96.000000 94.000000 
75.000000 94.000000 96.000000 96.000000 94.000000 
75.000000 94.000000 96.000000 96.000000 94.000000 
75.000000 94.000000 96.000000 96.000000 94.000000 
75.000000 94.000000 96.000000 96.000000 94.000000 
75.000000 94.000000 96.000000 96.000000 94.000000 
75.000000 94.000000 96.000000 96.000000 94.000000 
75.000000 94.000000 96.000000 96.000000 94.000000 
75.000000 94.000000 96.000000 96.000000 94.000000 
75.000000 94.000000 96.000000 96.000000 94.000000 
75.000000 94.000000 96.000000 96.000000 94.000000 
75.000000 94.000000 96.000000 96.000000 94.000000 
75.000000 94.000000 96.000000 96.000000 94.000000 
75.000000 94.000000 96.000000 96.000000 94.000000 
75.000000 94.000000 96.000000 96.000000 94.000000 
75.000000 94.000000 96.000000 96.000000 94.000000 
75.000000 94.000000 96.000000 96.000000 94.000000 
75.000000 94.000000 96.000000 96.000000 94.000000 
75.000000 94.000000 96.000000 96.000000 94.000000 
75.000000 94.000000 96.000000 96.000000 94.000000 
75.000000 94.000000 96.000000 96.000000 94.000000 
75.000000 94.000000 96.000000 96.000000 94.000000 
75.000000 94.000000 96.000000 96.000000 94.000000 
70.000000 94.000000 96.000000 96.000000 94.000000 
70.000000 94.000000 96.000000 96.000000 94.000000 
70.000000 94.000000 96.000000 96.000000 94.000000 
70.000000 94.000000 96.000000 96.000000 94.000000 
70.000000 94.000000 96.000000 96.000000 94.000000 
70.000000 94.000000 96.000000 96.000000 94.000000 
70.000000 94.000000 96.000000 96.000000 94.000000 
70.000000 94.000000 96.000000 96.000000 94.000000 
70.000000 94.000000 96.000000 96.000000 94.000000 
70.000000 94.000000 96.000000 96.000000 94.000000 
70.000000 94.000000 96.000000 96.000000 94.000000 
70.000000 94.000000 96.000000 96.000000 94.000000 
70.000000 94.000000 96.000000 96.000000 94.000000 
70.000000 94.000000 96.000000 96.000000 94.000000 
70.000000 94.000000 96.000000 96.000000 94.000000 
70.000000 94.000000 96.000000 96.000000 94.000000 
70.000000 94.000000 96.000000 96.000000 94.000000 
70.000000 94.000000 96.000000 96.000000 94.000000 
70.000000 94.000000 96.000000 96.000000 94.000000 
70.000000 94.000000 96.000000 96.000000 94.000000 
70.000000 94.000000 96.000000 96.000000 94.000000 
70.000000 94.000000 96.000000 96.000000 94.000000 
70.000000 94.000000 96.000000 96.000000 94.000000 
70.000000 94.000000 96.000000 96.000000 94.000000 
70.000000 94.000000 96.000000 96.000000 94.000000 
70.000000 94.000000 96.000000 96.000000 94.000000 
70.000000 94.000000 96.000000 96.000000 94.000000 
70.000000 94.000000 96.000000 96.000000 94.000000 
70.000000 94.000000 96.000000 96.000000 94.000000 
70.000000 94.000000 96.000000 96.000000 94.000000 
70.000000 94.000000 96.000000 96.000000 94.000000 
70.000000 94.000000 96.000000 96.000000 94.000000 
70.000000 94.000000 96.000000 96.000000 94.000000 
70.000000 94.000000 96.000000 96.000000 94.000000 
70.000000 94.000000 96.000000 96.000000 94.000000 
70.000000 94.000000 96.000000 96.000000 94.000000 
70.000000 94.000000 96.000000 96.000000 94.000000 
70.000000 94.000000 96.000000 96.000000 94.000000 
70.000000 94.000000 96.000000 96.000000 94.000000 
70.000000 94.000000 96.000000 96.000000 94.000000 
70.000000 94.000000 96.000000 96.000000 94.000000 
70.000000 94.000000 96.000000 96.000000 94.000000 
70.000000 94.000000 96.000000 96.000000 94.000000 
70.000000 94.000000 96.000000 96.000000 94.000000 
70.000000 94.000000 96.000000 96.000000 94.000000 
70.000000 94.000000 97.000000 97.000000 94.000000 
70.000000 94.000000 97.000000 97.000000 94.000000 
70.000000 94.000000 97.000000 97.000000 94.000000 
70.000000 94.000000 97.000000 97.000000 94.000000 
70.000000 94.000000 97.000000 97.000000 94.000000 
70.000000 94.000000 97.000000 97.000000 94.000000 
70.000000 94.000000 97.000000 97.000000 94.000000 
70.000000 94.000000 97.000000 97.000000 94.000000 
70.000000 94.000000 97.000000 97.000000 94.000000 
70.000000 94.000000 97.000000 97.000000 94.000000 
70.000000 94.000000 97.000000 97.000000 94.000000 
70.000000 94.000000 97.000000 97.000000 94.000000 
70.000000 94.000000 97.000000 97.000000 94.000000 
70.000000 94.000000 97.000000 97.000000 94.000000 
70.000000 94.000000 98.000000 98.000000 94.000000 
70.000000 94.000000 98.000000 98.000000 94.000000 
70.000000 94.000000 98.000000 98.000000 94.000000 
70.000000 94.000000 98.000000 98.000000 94.000000 
70.000000 94.000000 98.000000 98.000000 94.000000 
70.000000 94.000000 98.000000 98.000000 94.000000 
70.000000 94.000000 98.000000 98.000000 94.000000 
70.000000 94.000000 98.000000 98.000000 94.000000 
70.000000 94.000000 98.000000 98.000000 94.000000 
70.000000 94.000000 98.000000 98.000000 94.000000 
70.000000 94.000000 98.000000 98.000000 94.000000 
70.000000 94.000000 98.000000 98.000000 94.000000 
70.000000 94.000000 98.000000 98.000000 94.000000 
70.000000 94.000000 98.000000 98.000000 94.000000 
70.000000 94.000000 98.000000 98.000000 94.000000 
70.000000 94.000000 98.000000 98.000000 94.000000 
70.000000 94.000000 98.000000 98.000000 94.000000 
70.000000 94.000000 98.000000 98.000000 94.000000 
70.000000 94.000000 98.000000 98.000000 94.000000 
70.000000 94.000000 98.000000 98.000000 94.000000 
70.000000 94.000000 98.000000 98.000000 94.000000 
70.000000 94.000000 98.000000 98.000000 94.000000 
70.000000 94.000000 98.000000 98.000000 94.000000 
70.000000 94.000000 98.000000 98.000000 94.000000 
70.000000 94.000000 98.000000 98.000000 94.000000 
70.000000 94.000000 98.000000 98.000000 94.000000 
70.000000 94.000000 98.000000 98.000000 94.000000 
70.000000 94.000000 99.000000 99.000000 94.000000 
70.000000 94.000000 99.000000 99.000000 94.000000 
70.000000 94.000000 99.000000 99.000000 94.000000 
70.000000 94.000000 99.000000 99.000000 94.000000 
70.000000 94.000000 99.000000 99.000000 94.000000 
70.000000 94.000000 99.000000 99.000000 94.000000 
70.000000 94.000000 99.000000 99.000000 94.000000 
70.000000 94.000000 99.000000 99.000000 94.000000 
70.000000 94.000000 99.000000 99.000000 94.000000 
70.000000 94.000000 99.000000 99.000000 94.000000 
70.000000 94.000000 99.000000 99.000000 94.000000 
70.000000 94.000000 99.000000 99.000000 94.000000 
65.000000 94.000000 99.000000 99.000000 94.000000 
65.000000 94.000000 99.000000 99.000000 94.000000 
65.000000 94.000000 99.000000 99.000000 94.000000 
65.000000 94.000000 99.000000 99.000000 94.000000 
65.000000 94.000000 99.000000 99.000000 94.000000 
65.000000 94.000000 99.000000 99.000000 94.000000 
65.000000 94.000000 99.000000 99.000000 94.000000 
65.000000 94.000000 99.000000 99.000000 94.000000 
65.000000 94.000000 99.000000 99.000000 94.000000 
65.000000 94.000000 99.000000 99.000000 94.000000 
65.000000 94.000000 99.000000 99.000000 94.000000 
65.000000 94.000000 99.000000 99.000000 94.000000 
65.000000 94.000000 99.000000 99.000000 94.000000 
65.000000 94.000000 99.000000 99.000000 94.000000 
65.000000 94.000000 99.000000 99.000000 94.000000 
65.000000 94.000000 99.000000 99.000000 94.000000 
65.000000 94.000000 99.000000 99.000000 94.000000 
65.000000 94.000000 99.000000 99.000000 94.000000 
65.000000 94.000000 99.000000 99.000000 94.000000 
65.000000 94.000000 99.000000 99.000000 94.000000 
65.000000 94.000000 99.000000 99.000000 94.000000 
65.000000 94.000000 99.000000 99.000000 94.000000 
65.000000 94.000000 99.000000 99.000000 94.000000 
65.000000 94.000000 99.000000 99.000000 94.000000 
65.000000 94.000000 99.000000 99.000000 94.000000 
65.000000 94.000000 99.000000 99.000000 94.000000 
65.000000 94.000000 99.000000 99.000000 94.000000 
65.000000 94.000000 99.000000 99.000000 94.000000 
65.000000 94.000000 99.000000 99.000000 94.000000 
65.000000 94.000000 99.000000 99.000000 94.000000 
65.000000 94.000000 99.000000 99.000000 94.000000 
65.000000 94.000000 99.000000 99.000000 94.000000 
65.000000 94.000000 99.000000 99.000000 94.000000 
65.000000 94.000000 99.000000 99.000000 94.000000 
65.000000 94.000000 99.000000 99.000000 94.000000 
65.000000 94.000000 99.000000 99.000000 94.000000 
65.000000 94.000000 99.000000 99.000000 94.000000 
65.000000 94.000000 99.000000 99.000000 94.000000 
65.000000 94.000000 99.000000 99.000000 94.000000 
65.000000 94.000000 99.000000 99.000000 94.000000 
65.000000 94.000000 99.000000 99.000000 94.000000 
65.000000 94.000000 99.000000 99.000000 94.000000 
65.000000 94.000000 99.000000 99.000000 94.000000 
65.000000 94.000000 99.000000 99.000000 94.000000 
65.000000 94.000000 99.000000 99.000000 94.000000 
65.000000 94.000000 99.000000 99.000000 94.000000 
65.000000 94.000000 99.000000 99.000000 94.000000 
65.000000 94.000000 99.000000 99.000000 94.000000 
65.000000 94.000000 99.000000 99.000000 94.000000 
65.000000 94.000000 99.000000 99.000000 94.000000 
65.000000 94.000000 99.000000 99.000000 94.000000 
65.000000 94.000000 99.000000 99.000000 94.000000 
65.000000 94.000000 99.000000 99.000000 94.000000 
65.000000 94.000000 99.000000 99.000000 94.000000 
65.000000 94.000000 99.000000 99.000000 94.000000 
65.000000 94.000000 99.000000 99.000000 94.000000 
65.000000 94.000000 99.000000 99.000000 94.000000 
65.000000 94.000000 99.000000 99.000000 94.000000 
65.000000 94.000000 99.000000 99.000000 94.000000 
65.000000 94.000000 99.000000 99.000000 94.000000 
65.000000 94.000000 99.000000 99.000000 94.000000 
65.000000 94.000000 99.000000 99.000000 94.000000 
65.000000 94.000000 99.000000 99.000000 94.000000 
65.000000 94.000000 99.000000 99.000000 94.000000 
65.000000 94.000000 99.000000 99.000000 94.000000 
65.000000 94.000000 99.000000 99.000000 94.000000 
65.000000 94.000000 99.000000 99.000000 94.000000 
65.000000 94.000000 99.000000 99.000000 94.000000 
65.000000 94.000000 99.000000 99.000000 94.000000 
65.000000 94.000000 99.000000 99.000000 94.000000 
65.000000 94.000000 99.000000 99.000000 94.000000 
65.000000 94.000000 99.000000 99.000000 94.000000 
65.000000 94.000000 99.000000 99.000000 94.000000 
65.000000 94.000000 99.000000 99.000000 94.000000 
65.000000 94.000000 99.000000 99.000000 94.000000 
65.000000 94.000000 99.000000 99.000000 94.000000 
65.000000 94.000000 99.000000 99.000000 94.000000 
65.000000 94.000000 99.000000 99.000000 94.000000 
65.000000 94.000000 99.000000 99.000000 94.000000 
65.000000 94.000000 99.000000 99.000000 94.000000 
65.000000 94.000000 99.000000 99.000000 94.000000 
65.000000 94.000000 99.000000 99.000000 94.000000 
65.000000 94.000000 99.000000 99.000000 94.000000 
65.000000 94.000000 99.000000 99.000000 94.000000 
65.000000 94.000000 99.000000 99.000000 94.000000 
65.000000 94.000000 99.000000 99.000000 94.000000 
65.000000 94.000000 99.000000 99.000000 94.000000 
65.000000 94.000000 99.000000 99.000000 94.000000 
65.000000 94.000000 99.000000 99.000000 94.000000 
65.000000 94.000000 99.000000 99.000000 94.000000 
65.000000 94.000000 99.000000 99.000000 94.000000 
65.000000 94.000000 99.000000 99.000000 94.000000 
65.000000 94.000000 99.000000 99.000000 94.000000 
65.000000 94.000000 99.000000 99.000000 94.000000 
65.000000 94.000000 99.000000 99.000000 94.000000 
65.000000 94.000000 99.000000 99.000000 94.000000 
65.000000 94.000000 99.000000 99.000000 94.000000 
65.000000 94.000000 99.000000 99.000000 94.000000 
65.000000 94.000000 99.000000 99.000000 94.000000 
65.000000 94.000000 99.000000 99.000000 94.000000 
65.000000 94.000000 99.000000 99.000000 94.000000 
65.000000 94.000000 99.000000 99.000000 94.000000 
60.000000 94.000000 99.000000 99.000000 94.000000 
60.000000 94.000000 99.000000 99.000000 94.000000 
60.000000 94.000000 99.000000 99.000000 94.000000 
60.000000 94.000000 99.000000 99.000000 94.000000 
60.000000 94.000000 99.000000 99.000000 94.000000 
60.000000 94.000000 99.000000 99.000000 94.000000 
60.000000 94.000000 99.000000 99.000000 94.000000 
60.000000 94.000000 99.000000 99.000000 94.000000 
60.000000 94.000000 99.000000 99.000000 94.000000 
60.000000 94.000000 99.000000 99.000000 94.000000 
60.000000 94.000000 99.000000 99.000000 94.000000 
60.000000 94.000000 99.000000 99.000000 94.000000 
60.000000 94.000000 99.000000 99.000000 94.000000 
60.000000 94.000000 99.000000 99.000000 94.000000 
60.000000 94.000000 99.000000 99.000000 94.000000 
60.000000 94.000000 99.000000 99.000000 94.000000 
60.000000 94.000000 99.000000 99.000000 94.000000 
60.000000 94.000000 99.000000 99.000000 94.000000 
60.000000 94.000000 99.000000 99.000000 94.000000 
60.000000 94.000000 99.000000 99.000000 94.000000 
60.000000 94.000000 99.000000 99.000000 94.000000 
60.000000 94.000000 99.000000 99.000000 94.000000 
60.000000 94.000000 100.000000 100.000000 94.000000 
60.000000 94.000000 100.000000 100.000000 94.000000 
60.000000 94.000000 100.000000 100.000000 94.000000 
60.000000 94.000000 100.000000 100.000000 94.000000 
60.000000 94.000000 100.000000 100.000000 94.000000 
60.000000 94.000000 100.000000 100.000000 94.000000 
60.000000 94.000000 100.000000 100.000000 94.000000 
60.000000 94.000000 100.000000 100.000000 94.000000 
60.000000 94.000000 100.000000 100.000000 94.000000 
60.000000 94.000000 100.000000 100.000000 94.000000 
60.000000 94.000000 100.000000 100.000000 94.000000 
60.000000 94.000000 100.000000 100.000000 94.000000 
60.000000 94.000000 100.000000 100.000000 94.000000 
60.000000 94.000000 100.000000 100.000000 94.000000 
60.000000 94.000000 100.000000 100.000000 94.000000 
60.000000 94.000000 100.000000 100.000000 94.000000 
60.000000 94.000000 100.000000 100.000000 94.000000 
60.000000 94.000000 100.000000 100.000000 94.000000 
60.000000 94.000000 100.000000 100.000000 94.000000 
60.000000 94.000000 100.000000 100.000000 94.000000 
60.000000 94.000000 100.000000 100.000000 94.000000 
60.000000 94.000000 100.000000 100.000000 94.000000 
60.000000 94.000000 100.000000 100.000000 94.000000 
60.000000 94.000000 101.000000 101.000000 94.000000 
60.000000 94.000000 101.000000 101.000000 94.000000 
60.000000 94.000000 101.000000 101.000000 94.000000 
60.000000 94.000000 100.000000 100.000000 94.000000 
60.000000 94.000000 101.000000 101.000000 94.000000 
60.000000 94.000000 100.000000 100.000000 94.000000 
60.000000 94.000000 101.000000 101.000000 94.000000 
60.000000 94.000000 101.000000 101.000000 94.000000 
60.000000 94.000000 100.000000 100.000000 94.000000 
60.000000 94.000000 101.000000 101.000000 94.000000 
60.000000 94.000000 101.000000 101.000000 94.000000 
60.000000 94.000000 101.000000 101.000000 94.000000 
60.000000 94.000000 101.000000 101.000000 94.000000 
60.000000 94.000000 101.000000 101.000000 94.000000 
60.000000 94.000000 101.000000 101.000000 94.000000 
60.000000 94.000000 101.000000 101.000000 94.000000 
60.000000 94.000000 101.000000 101.000000 94.000000 
60.000000 94.000000 101.000000 101.000000 94.000000 
60.000000 94.000000 101.000000 101.000000 94.000000 
60.000000 94.000000 101.000000 101.000000 94.000000 
60.000000 94.000000 101.000000 101.000000 94.000000 
60.000000 94.000000 101.000000 101.000000 94.000000 
60.000000 94.000000 101.000000 101.000000 94.000000 
60.000000 94.000000 101.000000 101.000000 94.000000 
60.000000 94.000000 101.000000 101.000000 94.000000 
60.000000 94.000000 102.000000 102.000000 94.000000 
60.000000 94.000000 102.000000 102.000000 94.000000 
60.000000 94.000000 102.000000 102.000000 94.000000 
60.000000 94.000000 102.000000 102.000000 94.000000 
60.000000 94.000000 102.000000 102.000000 94.000000 
60.000000 94.000000 102.000000 102.000000 94.000000 
60.000000 94.000000 102.000000 102.000000 94.000000 
60.000000 94.000000 102.000000 102.000000 94.000000 
60.000000 94.000000 102.000000 102.000000 94.000000 
60.000000 94.000000 102.000000 102.000000 94.000000 
60.000000 94.000000 102.000000 102.000000 94.000000 
60.000000 94.000000 102.000000 102.000000 94.000000 
60.000000 94.000000 102.000000 102.000000 94.000000 
60.000000 94.000000 102.000000 102.000000 94.000000 
60.000000 94.000000 102.000000 102.000000 94.000000 
60.000000 94.000000 102.000000 102.000000 94.000000 
60.000000 94.000000 103.000000 103.000000 94.000000 
60.000000 94.000000 103.000000 103.000000 94.000000 
60.000000 94.000000 103.000000 103.000000 94.000000 
60.000000 94.000000 103.000000 103.000000 94.000000 
60.000000 94.000000 103.000000 103.000000 94.000000 
60.000000 94.000000 103.000000 103.000000 94.000000 
60.000000 94.000000 103.000000 103.000000 94.000000 
60.000000 94.000000 103.000000 103.000000 94.000000 
60.000000 94.000000 103.000000 103.000000 94.000000 
60.000000 94.000000 103.000000 103.000000 94.000000 
60.000000 94.000000 103.000000 103.000000 94.000000 
60.000000 94.000000 103.000000 103.000000 94.000000 
55.000000 94.000000 103.000000 103.000000 94.000000 
55.000000 94.000000 103.000000 103.000000 94.000000 
55.000000 94.000000 103.000000 103.000000 94.000000 
55.000000 94.000000 103.000000 103.000000 94.000000 
55.000000 94.000000 103.000000 103.000000 94.000000 
55.000000 94.000000 103.000000 103.000000 94.000000 
55.000000 94.000000 103.000000 103.000000 94.000000 
55.000000 94.000000 103.000000 103.000000 94.000000 
55.000000 94.000000 103.000000 103.000000 94.000000 
55.000000 94.000000 103.000000 103.000000 94.000000 
55.000000 94.000000 103.000000 103.000000 94.000000 
55.000000 94.000000 103.000000 103.000000 94.000000 
55.000000 94.000000 103.000000 103.000000 94.000000 
55.000000 94.000000 103.000000 103.000000 94.000000 
55.000000 94.000000 103.000000 103.000000 94.000000 
55.000000 94.000000 103.000000 103.000000 94.000000 
55.000000 94.000000 103.000000 103.000000 94.000000 
55.000000 94.000000 103.000000 103.000000 94.000000 
55.000000 94.000000 103.000000 103.000000 94.000000 
55.000000 94.000000 103.000000 103.000000 94.000000 
55.000000 94.000000 103.000000 103.000000 94.000000 
55.000000 94.000000 103.000000 103.000000 94.000000 
55.000000 94.000000 103.000000 103.000000 94.000000 
55.000000 94.000000 103.000000 103.000000 94.000000 
55.000000 94.000000 103.000000 103.000000 94.000000 
55.000000 94.000000 103.000000 103.000000 94.000000 
55.000000 94.000000 103.000000 103.000000 94.000000 
55.000000 94.000000 103.000000 103.000000 94.000000 
55.000000 94.000000 103.000000 103.000000 94.000000 
55.000000 94.000000 103.000000 103.000000 94.000000 
55.000000 94.000000 103.000000 103.000000 94.000000 
55.000000 94.000000 103.000000 103.000000 94.000000 
55.000000 94.000000 103.000000 103.000000 94.000000 
55.000000 94.000000 103.000000 103.000000 94.000000 
55.000000 94.000000 103.000000 103.000000 94.000000 
55.000000 94.000000 103.000000 103.000000 94.000000 
55.000000 94.000000 103.000000 103.000000 94.000000 
55.000000 94.000000 103.000000 103.000000 94.000000 
55.000000 94.000000 103.000000 103.000000 94.000000 
55.000000 94.000000 103.000000 103.000000 94.000000 
55.000000 94.000000 103.000000 103.000000 94.000000 
55.000000 94.000000 103.000000 103.000000 94.000000 
55.000000 94.000000 103.000000 103.000000 94.000000 
55.000000 94.000000 103.000000 103.000000 94.000000 
55.000000 94.000000 103.000000 103.000000 94.000000 
55.000000 94.000000 103.000000 103.000000 94.000000 
55.000000 94.000000 103.000000 103.000000 94.000000 
55.000000 94.000000 103.000000 103.000000 94.000000 
55.000000 94.000000 103.000000 103.000000 94.000000 
55.000000 94.000000 103.000000 103.000000 94.000000 
55.000000 94.000000 103.000000 103.000000 94.000000 
55.000000 94.000000 103.000000 103.000000 94.000000 
55.000000 94.000000 103.000000 103.000000 94.000000 
55.000000 94.000000 103.000000 103.000000 94.000000 
55.000000 94.000000 103.000000 103.000000 94.000000 
55.000000 94.000000 103.000000 103.000000 94.000000 
55.000000 94.000000 103.000000 103.000000 94.000000 
55.000000 94.000000 103.000000 103.000000 94.000000 
55.000000 94.000000 103.000000 103.000000 94.000000 
55.000000 94.000000 103.000000 103.000000 94.000000 
55.000000 94.000000 103.000000 103.000000 94.000000 
55.000000 94.000000 103.000000 103.000000 94.000000 
55.000000 94.000000 103.000000 103.000000 94.000000 
55.000000 94.000000 103.000000 103.000000 94.000000 
55.000000 94.000000 103.000000 103.000000 94.000000 
55.000000 94.000000 103.000000 103.000000 94.000000 
55.000000 94.000000 103.000000 103.000000 94.000000 
55.000000 94.000000 103.000000 103.000000 94.000000 
55.000000 94.000000 103.000000 103.000000 94.000000 
55.000000 94.000000 103.000000 103.000000 94.000000 
55.000000 94.000000 103.000000 103.000000 94.000000 
55.000000 94.000000 103.000000 103.000000 94.000000 
55.000000 94.000000 103.000000 103.000000 94.000000 
55.000000 94.000000 103.000000 103.000000 94.000000 
55.000000 94.000000 103.000000 103.000000 94.000000 
55.000000 94.000000 103.000000 103.000000 94.000000 
55.000000 94.000000 103.000000 103.000000 94.000000 
55.000000 94.000000 103.000000 103.000000 94.000000 
55.000000 94.000000 103.000000 103.000000 94.000000 
55.000000 94.000000 103.000000 103.000000 94.000000 
55.000000 94.000000 103.000000 103.000000 94.000000 
55.000000 94.000000 103.000000 103.000000 94.000000 
55.000000 94.000000 103.000000 103.000000 94.000000 
55.000000 94.000000 103.000000 103.000000 94.000000 
55.000000 94.000000 103.000000 103.000000 94.000000 
55.000000 94.000000 103.000000 103.000000 94.000000 
55.000000 94.000000 103.000000 103.000000 94.000000 
55.000000 94.000000 103.000000 103.000000 94.000000 
55.000000 94.000000 103.000000 103.000000 94.000000 
55.000000 94.000000 103.000000 103.000000 94.000000 
55.000000 94.000000 103.000000 103.000000 94.000000 
55.000000 94.000000 103.000000 103.000000 94.000000 
55.000000 94.000000 103.000000 103.000000 94.000000 
55.000000 94.000000 103.000000 103.000000 94.000000 
55.000000 94.000000 103.000000 103.000000 94.000000 
55.000000 94.000000 103.000000 103.000000 94.000000 
55.000000 94.000000 103.000000 103.000000 94.000000 
55.000000 94.000000 103.000000 103.000000 94.000000 
55.000000 94.000000 103.000000 103.000000 94.000000 
55.000000 94.000000 103.000000 103.000000 94.000000 
55.000000 94.000000 103.000000 103.000000 94.000000 
55.000000 94.000000 103.000000 103.000000 94.000000 
50.000000 94.000000 103.000000 103.000000 94.000000 
50.000000 94.000000 103.000000 103.000000 94.000000 
50.000000 94.000000 103.000000 103.000000 94.000000 
50.000000 94.000000 103.000000 103.000000 94.000000 
50.000000 94.000000 103.000000 103.000000 94.000000 
50.000000 94.000000 103.000000 103.000000 94.000000 
50.000000 94.000000 103.000000 103.000000 94.000000 
50.000000 94.000000 103.000000 103.000000 94.000000 
50.000000 94.000000 103.000000 103.000000 94.000000 
50.000000 94.000000 103.000000 103.000000 94.000000 
50.000000 94.000000 103.000000 103.000000 94.000000 
50.000000 94.000000 103.000000 103.000000 94.000000 
50.000000 94.000000 103.000000 103.000000 94.000000 
50.000000 94.000000 103.000000 103.000000 94.000000 
50.000000 94.000000 103.000000 103.000000 94.000000 
50.000000 94.000000 103.000000 103.000000 94.000000 
50.000000 94.000000 103.000000 103.000000 94.000000 
50.000000 94.000000 103.000000 103.000000 94.000000 
50.000000 94.000000 103.000000 103.000000 94.000000 
50.000000 94.000000 103.000000 103.000000 94.000000 
50.000000 94.000000 103.000000 103.000000 94.000000 
50.000000 94.000000 103.000000 103.000000 94.000000 
50.000000 94.000000 104.000000 104.000000 94.000000 
50.000000 94.000000 104.000000 104.000000 94.000000 
50.000000 94.000000 104.000000 104.000000 94.000000 
50.000000 94.000000 104.000000 104.000000 94.000000 
50.000000 94.000000 104.000000 104.000000 94.000000 
50.000000 94.000000 104.000000 104.000000 94.000000 
50.000000 94.000000 104.000000 104.000000 94.000000 
50.000000 94.000000 104.000000 104.000000 94.000000 
50.000000 94.000000 104.000000 104.000000 94.000000 
50.000000 94.000000 104.000000 104.000000 94.000000 
50.000000 94.000000 104.000000 104.000000 94.000000 
50.000000 94.000000 104.000000 104.000000 94.000000 
50.000000 94.000000 104.000000 104.000000 94.000000 
50.000000 94.000000 104.000000 104.000000 94.000000 
50.000000 94.000000 104.000000 104.000000 94.000000 
50.000000 94.000000 104.000000 104.000000 94.000000 
50.000000 94.000000 104.000000 104.000000 94.000000 
50.000000 94.000000 104.000000 104.000000 94.000000 
50.000000 94.000000 104.000000 104.000000 94.000000 
50.000000 94.000000 104.000000 104.000000 94.000000 
50.000000 94.000000 104.000000 104.000000 94.000000 
50.000000 94.000000 104.000000 104.000000 94.000000 
50.000000 94.000000 104.000000 104.000000 94.000000 
50.000000 94.000000 106.000000 106.000000 94.000000 
50.000000 94.000000 106.000000 106.000000 94.000000 
50.000000 94.000000 105.000000 105.000000 94.000000 
50.000000 94.000000 105.000000 105.000000 94.000000 
50.000000 94.000000 106.000000 106.000000 94.000000 
50.000000 94.000000 105.000000 105.000000 94.000000 
50.000000 94.000000 106.000000 106.000000 94.000000 
50.000000 94.000000 105.000000 105.000000 94.000000 
50.000000 94.000000 106.000000 106.000000 94.000000 
50.000000 94.000000 106.000000 106.000000 94.000000 
50.000000 94.000000 106.000000 106.000000 94.000000 
50.000000 94.000000 106.000000 106.000000 94.000000 
50.000000 94.000000 106.000000 106.000000 94.000000 
50.000000 94.000000 106.000000 106.000000 94.000000 
50.000000 94.000000 107.000000 107.000000 94.000000 
50.000000 94.000000 107.000000 107.000000 94.000000 
50.000000 94.000000 107.000000 107.000000 94.000000 
50.000000 94.000000 107.000000 107.000000 94.000000 
50.000000 94.000000 107.000000 107.000000 94.000000 
50.000000 94.000000 107.000000 107.000000 94.000000 
50.000000 94.000000 107.000000 107.000000 94.000000 
50.000000 94.000000 107.000000 107.000000 94.000000 
50.000000 94.000000 107.000000 107.000000 94.000000 
50.000000 94.000000 107.000000 107.000000 94.000000 
50.000000 94.000000 107.000000 107.000000 94.000000 
50.000000 94.000000 108.000000 108.000000 94.000000 
50.000000 94.000000 108.000000 108.000000 94.000000 
50.000000 94.000000 108.000000 108.000000 94.000000 
50.000000 94.000000 108.000000 108.000000 94.000000 
50.000000 94.000000 108.000000 108.000000 94.000000 
50.000000 94.000000 108.000000 108.000000 94.000000 
50.000000 94.000000 108.000000 108.000000 94.000000 
50.000000 94.000000 108.000000 108.000000 94.000000 
50.000000 94.000000 108.000000 108.000000 94.000000 
50.000000 94.000000 108.000000 108.000000 94.000000 
50.000000 94.000000 108.000000 108.000000 94.000000 
50.000000 94.000000 108.000000 108.000000 94.000000 
50.000000 94.000000 108.000000 108.000000 94.000000 
50.000000 94.000000 108.000000 108.000000 94.000000 
50.000000 94.000000 108.000000 108.000000 94.000000 
50.000000 94.000000 108.000000 108.000000 94.000000 
50.000000 94.000000 110.000000 110.000000 94.000000 
50.000000 94.000000 110.000000 110.000000 94.000000 
50.000000 94.000000 110.000000 110.000000 94.000000 
50.000000 94.000000 110.000000 110.000000 94.000000 
50.000000 94.000000 110.000000 110.000000 94.000000 
50.000000 94.000000 110.000000 110.000000 94.000000 
50.000000 94.000000 110.000000 110.000000 94.000000 
50.000000 94.000000 110.000000 110.000000 94.000000 
50.000000 94.000000 110.000000 110.000000 94.000000 
50.000000 94.000000 110.000000 110.000000 94.000000 
50.000000 94.000000 110.000000 110.000000 94.000000 
50.000000 94.000000 110.000000 110.000000 94.000000 
45.000000 94.000000 110.000000 110.000000 94.000000 
45.000000 94.000000 110.000000 110.000000 94.000000 
45.000000 94.000000 110.000000 110.000000 94.000000 
45.000000 94.000000 110.000000 110.000000 94.000000 
45.000000 94.000000 110.000000 110.000000 94.000000 
45.000000 94.000000 110.000000 110.000000 94.000000 
45.000000 94.000000 110.000000 110.000000 94.000000 
45.000000 94.000000 110.000000 110.000000 94.000000 
45.000000 94.000000 110.000000 110.000000 94.000000 
45.000000 94.000000 110.000000 110.000000 94.000000 
45.000000 94.000000 110.000000 110.000000 94.000000 
45.000000 94.000000 110.000000 110.000000 94.000000 
45.000000 94.000000 110.000000 110.000000 94.000000 
45.000000 94.000000 110.000000 110.000000 94.000000 
45.000000 94.000000 110.000000 110.000000 94.000000 
45.000000 94.000000 110.000000 110.000000 94.000000 
45.000000 94.000000 110.000000 110.000000 94.000000 
45.000000 94.000000 110.000000 110.000000 94.000000 
45.000000 94.000000 110.000000 110.000000 94.000000 
45.000000 94.000000 110.000000 110.000000 94.000000 
45.000000 94.000000 110.000000 110.000000 94.000000 
45.000000 94.000000 110.000000 110.000000 94.000000 
45.000000 94.000000 110.000000 110.000000 94.000000 
45.000000 94.000000 110.000000 110.000000 94.000000 
45.000000 94.000000 110.000000 110.000000 94.000000 
45.000000 94.000000 110.000000 110.000000 94.000000 
45.000000 94.000000 110.000000 110.000000 94.000000 
45.000000 94.000000 110.000000 110.000000 94.000000 
45.000000 94.000000 110.000000 110.000000 94.000000 
45.000000 94.000000 110.000000 110.000000 94.000000 
45.000000 94.000000 110.000000 110.000000 94.000000 
45.000000 94.000000 110.000000 110.000000 94.000000 
45.000000 94.000000 110.000000 110.000000 94.000000 
45.000000 94.000000 110.000000 110.000000 94.000000 
45.000000 94.000000 110.000000 110.000000 94.000000 
45.000000 94.000000 110.000000 110.000000 94.000000 
45.000000 94.000000 110.000000 110.000000 94.000000 
45.000000 94.000000 110.000000 110.000000 94.000000 
45.000000 94.000000 110.000000 110.000000 94.000000 
45.000000 94.000000 110.000000 110.000000 94.000000 
45.000000 94.000000 110.000000 110.000000 94.000000 
45.000000 94.000000 110.000000 110.000000 94.000000 
45.000000 94.000000 110.000000 110.000000 94.000000 
45.000000 94.000000 110.000000 110.000000 94.000000 
45.000000 94.000000 110.000000 110.000000 94.000000 
45.000000 94.000000 110.000000 110.000000 94.000000 
45.000000 94.000000 110.000000 110.000000 94.000000 
45.000000 94.000000 110.000000 110.000000 94.000000 
45.000000 94.000000 110.000000 110.000000 94.000000 
45.000000 94.000000 110.000000 110.000000 94.000000 
45.000000 94.000000 110.000000 110.000000 94.000000 
45.000000 94.000000 110.000000 110.000000 94.000000 
45.000000 94.000000 110.000000 110.000000 94.000000 
45.000000 94.000000 110.000000 110.000000 94.000000 
45.000000 94.000000 110.000000 110.000000 94.000000 
45.000000 94.000000 110.000000 110.000000 94.000000 
45.000000 94.000000 110.000000 110.000000 94.000000 
45.000000 94.000000 110.000000 110.000000 94.000000 
45.000000 94.000000 110.000000 110.000000 94.000000 
45.000000 94.000000 110.000000 110.000000 94.000000 
45.000000 94.000000 110.000000 110.000000 94.000000 
45.000000 94.000000 110.000000 110.000000 94.000000 
45.000000 94.000000 110.000000 110.000000 94.000000 
45.000000 94.000000 110.000000 110.000000 94.000000 
45.000000 94.000000 110.000000 110.000000 94.000000 
45.000000 94.000000 110.000000 110.000000 94.000000 
45.000000 94.000000 110.000000 110.000000 94.000000 
45.000000 94.000000 110.000000 110.000000 94.000000 
45.000000 94.000000 110.000000 110.000000 94.000000 
45.000000 94.000000 110.000000 110.000000 94.000000 
45.000000 94.000000 110.000000 110.000000 94.000000 
45.000000 94.000000 110.000000 110.000000 94.000000 
45.000000 94.000000 110.000000 110.000000 94.000000 
45.000000 94.000000 110.000000 110.000000 94.000000 
45.000000 94.000000 110.000000 110.000000 94.000000 
45.000000 94.000000 110.000000 110.000000 94.000000 
45.000000 94.000000 110.000000 110.000000 94.000000 
45.000000 94.000000 110.000000 110.000000 94.000000 
45.000000 94.000000 110.000000 110.000000 94.000000 
45.000000 94.000000 110.000000 110.000000 94.000000 
45.000000 94.000000 110.000000 110.000000 94.000000 
45.000000 94.000000 110.000000 110.000000 94.000000 
45.000000 94.000000 110.000000 110.000000 94.000000 
45.000000 94.000000 110.000000 110.000000 94.000000 
45.000000 94.000000 110.000000 110.000000 94.000000 
45.000000 94.000000 110.000000 110.000000 94.000000 
45.000000 94.000000 110.000000 110.000000 94.000000 
45.000000 94.000000 110.000000 110.000000 94.000000 
45.000000 94.000000 110.000000 110.000000 94.000000 
45.000000 94.000000 110.000000 110.000000 94.000000 
45.000000 94.000000 110.000000 110.000000 94.000000 
45.000000 94.000000 110.000000 110.000000 94.000000 
45.000000 94.000000 110.000000 110.000000 94.000000 
45.000000 94.000000 110.000000 110.000000 94.000000 
45.000000 94.000000 110.000000 110.000000 94.000000 
45.000000 94.000000 110.000000 110.000000 94.000000 
45.000000 94.000000 110.000000 110.000000 94.000000 
45.000000 94.000000 110.000000 110.000000 94.000000 
45.000000 94.000000 110.000000 110.000000 94.000000 
45.000000 94.000000 110.000000 110.000000 94.000000 
45.000000 94.000000 110.000000 110.000000 94.000000 
45.000000 94.000000 110.000000 110.000000 94.000000 
40.000000 94.000000 110.000000 110.000000 94.000000 
40.000000 94.000000 110.000000 110.000000 94.000000 
40.000000 94.000000 110.000000 110.000000 94.000000 
40.000000 94.000000 110.000000 110.000000 94.000000 
40.000000 94.000000 110.000000 110.000000 94.000000 
40.000000 94.000000 110.000000 110.000000 94.000000 
40.000000 94.000000 110.000000 110.000000 94.000000 
40.000000 94.000000 110.000000 110.000000 94.000000 
40.000000 94.000000 110.000000 110.000000 94.000000 
40.000000 94.000000 110.000000 110.000000 94.000000 
40.000000 94.000000 110.000000 110.000000 94.000000 
40.000000 94.000000 110.000000 110.000000 94.000000 
40.000000 94.000000 110.000000 110.000000 94.000000 
40.000000 94.000000 110.000000 110.000000 94.000000 
40.000000 94.000000 110.000000 110.000000 94.000000 
40.000000 94.000000 110.000000 110.000000 94.000000 
40.000000 94.000000 110.000000 110.000000 94.000000 
40.000000 94.000000 110.000000 110.000000 94.000000 
40.000000 94.000000 110.000000 110.000000 94.000000 
40.000000 94.000000 110.000000 110.000000 94.000000 
40.000000 94.000000 110.000000 110.000000 94.000000 
40.000000 94.000000 110.000000 110.000000 94.000000 
40.000000 94.000000 111.000000 111.000000 94.000000 
40.000000 94.000000 111.000000 111.000000 94.000000 
40.000000 94.000000 111.000000 111.000000 94.000000 
40.000000 94.000000 111.000000 111.000000 94.000000 
40.000000 94.000000 111.000000 111.000000 94.000000 
40.000000 94.000000 111.000000 111.000000 94.000000 
40.000000 94.000000 111.000000 111.000000 94.000000 
40.000000 94.000000 111.000000 111.000000 94.000000 
40.000000 94.000000 111.000000 111.000000 94.000000 
40.000000 94.000000 111.000000 111.000000 94.000000 
40.000000 94.000000 111.000000 111.000000 94.000000 
40.000000 94.000000 111.000000 111.000000 94.000000 
40.000000 94.000000 111.000000 111.000000 94.000000 
40.000000 94.000000 111.000000 111.000000 94.000000 
40.000000 94.000000 111.000000 111.000000 94.000000 
40.000000 94.000000 111.000000 111.000000 94.000000 
40.000000 94.000000 111.000000 111.000000 94.000000 
40.000000 94.000000 111.000000 111.000000 94.000000 
40.000000 94.000000 111.000000 111.000000 94.000000 
40.000000 94.000000 111.000000 111.000000 94.000000 
40.000000 94.000000 111.000000 111.000000 94.000000 
40.000000 94.000000 111.000000 111.000000 94.000000 
40.000000 94.000000 111.000000 111.000000 94.000000 
40.000000 94.000000 113.000000 113.000000 94.000000 
40.000000 94.000000 113.000000 113.000000 94.000000 
40.000000 94.000000 113.000000 113.000000 94.000000 
40.000000 94.000000 113.000000 113.000000 94.000000 
40.000000 94.000000 113.000000 113.000000 94.000000 
40.000000 94.000000 113.000000 113.000000 94.000000 
40.000000 94.000000 113.000000 113.000000 94.000000 
40.000000 94.000000 113.000000 113.000000 94.000000 
40.000000 94.000000 113.000000 113.000000 94.000000 
40.000000 94.000000 113.000000 113.000000 94.000000 
40.000000 94.000000 113.000000 113.000000 94.000000 
40.000000 94.000000 113.000000 113.000000 94.000000 
40.000000 94.000000 113.000000 113.000000 94.000000 
40.000000 94.000000 113.000000 113.000000 94.000000 
40.000000 94.000000 115.000000 115.000000 94.000000 
40.000000 94.000000 115.000000 115.000000 94.000000 
40.000000 94.000000 115.000000 115.000000 94.000000 
40.000000 94.000000 115.000000 115.000000 94.000000 
40.000000 94.000000 115.000000 115.000000 94.000000 
40.000000 94.000000 115.000000 115.000000 94.000000 
40.000000 94.000000 115.000000 115.000000 94.000000 
40.000000 94.000000 115.000000 115.000000 94.000000 
40.000000 94.000000 115.000000 115.000000 94.000000 
40.000000 94.000000 115.000000 115.000000 94.000000 
40.000000 94.000000 115.000000 115.000000 94.000000 
40.000000 94.000000 115.000000 115.000000 94.000000 
40.000000 94.000000 117.000000 117.000000 94.000000 
40.000000 94.000000 117.000000 117.000000 94.000000 
40.000000 94.000000 117.000000 117.000000 94.000000 
40.000000 94.000000 117.000000 117.000000 94.000000 
40.000000 94.000000 117.000000 117.000000 94.000000 
40.000000 94.000000 117.000000 117.000000 94.000000 
40.000000 94.000000 117.000000 117.000000 94.000000 
40.000000 94.000000 117.000000 117.000000 94.000000 
40.000000 94.000000 117.000000 117.000000 94.000000 
40.000000 94.000000 117.000000 117.000000 94.000000 
40.000000 94.000000 117.000000 117.000000 94.000000 
40.000000 94.000000 117.000000 117.000000 94.000000 
40.000000 94.000000 117.000000 117.000000 94.000000 
40.000000 94.000000 117.000000 117.000000 94.000000 
40.000000 94.000000 117.000000 117.000000 94.000000 
40.000000 94.000000 120.000000 120.000000 94.000000 
40.000000 94.000000 120.000000 120.000000 94.000000 
40.000000 94.000000 120.000000 120.000000 94.000000 
40.000000 94.000000 120.000000 120.000000 94.000000 
40.000000 94.000000 120.000000 120.000000 94.000000 
40.000000 94.000000 120.000000 120.000000 94.000000 
40.000000 94.000000 120.000000 120.000000 94.000000 
40.000000 94.000000 120.000000 120.000000 94.000000 
40.000000 94.000000 120.000000 120.000000 94.000000 
40.000000 94.000000 120.000000 120.000000 94.000000 
40.000000 94.000000 120.000000 120.000000 94.000000 
40.000000 94.000000 120.000000 120.000000 94.000000 
35.000000 94.000000 120.000000 120.000000 94.000000 
35.000000 94.000000 120.000000 120.000000 94.000000 
35.000000 94.000000 120.000000 120.000000 94.000000 
35.000000 94.000000 120.000000 120.000000 94.000000 
35.000000 94.000000 120.000000 120.000000 94.000000 
35.000000 94.000000 120.000000 120.000000 94.000000 
35.000000 94.000000 120.000000 120.000000 94.000000 
35.000000 94.000000 120.000000 120.000000 94.000000 
35.000000 94.000000 120.000000 120.000000 94.000000 
35.000000 94.000000 120.000000 120.000000 94.000000 
35.000000 94.000000 120.000000 120.000000 94.000000 
35.000000 94.000000 120.000000 120.000000 94.000000 
35.000000 94.000000 120.000000 120.000000 94.000000 
35.000000 94.000000 120.000000 120.000000 94.000000 
35.000000 94.000000 120.000000 120.000000 94.000000 
35.000000 94.000000 120.000000 120.000000 94.000000 
35.000000 94.000000 120.000000 120.000000 94.000000 
35.000000 94.000000 120.000000 120.000000 94.000000 
35.000000 94.000000 120.000000 120.000000 94.000000 
35.000000 94.000000 120.000000 120.000000 94.000000 
35.000000 94.000000 120.000000 120.000000 94.000000 
35.000000 94.000000 120.000000 120.000000 94.000000 
35.000000 94.000000 120.000000 120.000000 94.000000 
35.000000 94.000000 120.000000 120.000000 94.000000 
35.000000 94.000000 120.000000 120.000000 94.000000 
35.000000 94.000000 120.000000 120.000000 94.000000 
35.000000 94.000000 120.000000 120.000000 94.000000 
35.000000 94.000000 120.000000 120.000000 94.000000 
35.000000 94.000000 120.000000 120.000000 94.000000 
35.000000 94.000000 120.000000 120.000000 94.000000 
35.000000 94.000000 120.000000 120.000000 94.000000 
35.000000 94.000000 120.000000 120.000000 94.000000 
35.000000 94.000000 120.000000 120.000000 94.000000 
35.000000 94.000000 120.000000 120.000000 94.000000 
35.000000 94.000000 120.000000 120.000000 94.000000 
35.000000 94.000000 120.000000 120.000000 94.000000 
35.000000 94.000000 120.000000 120.000000 94.000000 
35.000000 94.000000 120.000000 120.000000 94.000000 
35.000000 94.000000 120.000000 120.000000 94.000000 
35.000000 94.000000 120.000000 120.000000 94.000000 
35.000000 94.000000 120.000000 120.000000 94.000000 
35.000000 94.000000 120.000000 120.000000 94.000000 
35.000000 94.000000 120.000000 120.000000 94.000000 
35.000000 94.000000 120.000000 120.000000 94.000000 
35.000000 94.000000 120.000000 120.000000 94.000000 
35.000000 94.000000 120.000000 120.000000 94.000000 
35.000000 94.000000 120.000000 120.000000 94.000000 
35.000000 94.000000 120.000000 120.000000 94.000000 
35.000000 94.000000 120.000000 120.000000 94.000000 
35.000000 94.000000 120.000000 120.000000 94.000000 
35.000000 94.000000 120.000000 120.000000 94.000000 
35.000000 94.000000 120.000000 120.000000 94.000000 
35.000000 94.000000 120.000000 120.000000 94.000000 
35.000000 94.000000 120.000000 120.000000 94.000000 
35.000000 94.000000 120.000000 120.000000 94.000000 
35.000000 94.000000 120.000000 120.000000 94.000000 
35.000000 94.000000 120.000000 120.000000 94.000000 
35.000000 94.000000 120.000000 120.000000 94.000000 
35.000000 94.000000 120.000000 120.000000 94.000000 
35.000000 94.000000 120.000000 120.000000 94.000000 
35.000000 94.000000 120.000000 120.000000 94.000000 
35.000000 94.000000 120.000000 120.000000 94.000000 
35.000000 94.000000 120.000000 120.000000 94.000000 
35.000000 94.000000 120.000000 120.000000 94.000000 
35.000000 94.000000 120.000000 120.000000 94.000000 
35.000000 94.000000 120.000000 120.000000 94.000000 
35.000000 94.000000 120.000000 120.000000 94.000000 
35.000000 94.000000 120.000000 120.000000 94.000000 
35.000000 94.000000 120.000000 120.000000 94.000000 
35.000000 94.000000 120.000000 120.000000 94.000000 
35.000000 94.000000 120.000000 120.000000 94.000000 
35.000000 94.000000 120.000000 120.000000 94.000000 
35.000000 94.000000 120.000000 120.000000 94.000000 
35.000000 94.000000 120.000000 120.000000 94.000000 
35.000000 94.000000 120.000000 120.000000 94.000000 
35.000000 94.000000 120.000000 120.000000 94.000000 
35.000000 94.000000 120.000000 120.000000 94.000000 
35.000000 94.000000 120.000000 120.000000 94.000000 
35.000000 94.000000 120.000000 120.000000 94.000000 
35.000000 94.000000 120.000000 120.000000 94.000000 
35.000000 94.000000 120.000000 120.000000 94.000000 
35.000000 94.000000 120.000000 120.000000 94.000000 
35.000000 94.000000 120.000000 120.000000 94.000000 
35.000000 94.000000 120.000000 120.000000 94.000000 
35.000000 94.000000 120.000000 120.000000 94.000000 
35.000000 94.000000 120.000000 120.000000 94.000000 
35.000000 94.000000 120.000000 120.000000 94.000000 
35.000000 94.000000 120.000000 120.000000 94.000000 
35.000000 94.000000 120.000000 120.000000 94.000000 
35.000000 94.000000 120.000000 120.000000 94.000000 
35.000000 94.000000 120.000000 120.000000 94.000000 
35.000000 94.000000 120.000000 120.000000 94.000000 
35.000000 94.000000 120.000000 120.000000 94.000000 
35.000000 94.000000 120.000000 120.000000 94.000000 
35.000000 94.000000 120.000000 120.000000 94.000000 
35.000000 94.000000 120.000000 120.000000 94.000000 
35.000000 94.000000 120.000000 120.000000 94.000000 
35.000000 94.000000 120.000000 120.000000 94.000000 
35.000000 94.000000 120.000000 120.000000 94.000000 
35.000000 94.000000 120.000000 120.000000 94.000000 
35.000000 94.000000 120.000000 120.000000 94.000000 
35.000000 94.000000 120.000000 120.000000 94.000000 
30.000000 94.000000 120.000000 120.000000 94.000000 
30.000000 94.000000 120.000000 120.000000 94.000000 
30.000000 94.000000 120.000000 120.000000 94.000000 
30.000000 94.000000 120.000000 120.000000 94.000000 
30.000000 94.000000 120.000000 120.000000 94.000000 
30.000000 94.000000 120.000000 120.000000 94.000000 
30.000000 94.000000 120.000000 120.000000 94.000000 
30.000000 94.000000 120.000000 120.000000 94.000000 
30.000000 94.000000 120.000000 120.000000 94.000000 
30.000000 94.000000 120.000000 120.000000 94.000000 
30.000000 94.000000 120.000000 120.000000 94.000000 
30.000000 94.000000 120.000000 120.000000 94.000000 
30.000000 94.000000 120.000000 120.000000 94.000000 
30.000000 94.000000 120.000000 120.000000 94.000000 
30.000000 94.000000 120.000000 120.000000 94.000000 
30.000000 94.000000 120.000000 120.000000 94.000000 
30.000000 94.000000 120.000000 120.000000 94.000000 
30.000000 94.000000 120.000000 120.000000 94.000000 
30.000000 94.000000 120.000000 120.000000 94.000000 
30.000000 94.000000 120.000000 120.000000 94.000000 
30.000000 94.000000 120.000000 120.000000 94.000000 
30.000000 94.000000 120.000000 120.000000 94.000000 
30.000000 94.000000 120.000000 120.000000 94.000000 
30.000000 94.000000 120.000000 120.000000 94.000000 
30.000000 94.000000 122.000000 122.000000 94.000000 
30.000000 94.000000 122.000000 122.000000 94.000000 
30.000000 94.000000 122.000000 122.000000 94.000000 
30.000000 94.000000 122.000000 122.000000 94.000000 
30.000000 94.000000 122.000000 122.000000 94.000000 
30.000000 94.000000 122.000000 122.000000 94.000000 
30.000000 94.000000 122.000000 122.000000 94.000000 
30.000000 94.000000 122.000000 122.000000 94.000000 
30.000000 94.000000 122.000000 122.000000 94.000000 
30.000000 94.000000 122.000000 122.000000 94.000000 
30.000000 94.000000 122.000000 122.000000 94.000000 
30.000000 94.000000 122.000000 122.000000 94.000000 
30.000000 94.000000 122.000000 122.000000 94.000000 
30.000000 94.000000 122.000000 122.000000 94.000000 
30.000000 94.000000 122.000000 122.000000 94.000000 
30.000000 94.000000 122.000000 122.000000 94.000000 
30.000000 94.000000 122.000000 122.000000 94.000000 
30.000000 94.000000 122.000000 122.000000 94.000000 
30.000000 94.000000 122.000000 122.000000 94.000000 
30.000000 94.000000 122.000000 122.000000 94.000000 
30.000000 94.000000 122.000000 122.000000 94.000000 
30.000000 94.000000 122.000000 122.000000 94.000000 
30.000000 94.000000 122.000000 122.000000 94.000000 
30.000000 94.000000 126.000000 126.000000 94.000000 
30.000000 94.000000 126.000000 126.000000 94.000000 
30.000000 94.000000 126.000000 126.000000 94.000000 
30.000000 94.000000 126.000000 126.000000 94.000000 
30.000000 94.000000 126.000000 126.000000 94.000000 
30.000000 94.000000 126.000000 126.000000 94.000000 
30.000000 94.000000 126.000000 126.000000 94.000000 
30.000000 94.000000 126.000000 126.000000 94.000000 
30.000000 94.000000 126.000000 126.000000 94.000000 
30.000000 94.000000 126.000000 126.000000 94.000000 
30.000000 94.000000 126.000000 126.000000 94.000000 
30.000000 94.000000 126.000000 126.000000 94.000000 
30.000000 94.000000 126.000000 126.000000 94.000000 
30.000000 94.000000 126.000000 126.000000 94.000000 
30.000000 94.000000 129.000000 129.000000 94.000000 
30.000000 94.000000 129.000000 129.000000 94.000000 
30.000000 94.000000 129.000000 129.000000 94.000000 
30.000000 94.000000 129.000000 129.000000 94.000000 
30.000000 94.000000 129.000000 129.000000 94.000000 
30.000000 94.000000 129.000000 129.000000 94.000000 
30.000000 94.000000 129.000000 129.000000 94.000000 
30.000000 94.000000 129.000000 129.000000 94.000000 
30.000000 94.000000 129.000000 129.000000 94.000000 
30.000000 94.000000 129.000000 129.000000 94.000000 
30.000000 94.000000 129.000000 129.000000 94.000000 
30.000000 94.000000 129.000000 129.000000 94.000000 
30.000000 94.000000 133.000000 133.000000 94.000000 
30.000000 94.000000 133.000000 133.000000 94.000000 
30.000000 94.000000 133.000000 133.000000 94.000000 
30.000000 94.000000 133.000000 133.000000 94.000000 
30.000000 94.000000 133.000000 133.000000 94.000000 
30.000000 94.000000 133.000000 133.000000 94.000000 
30.000000 94.000000 133.000000 133.000000 94.000000 
30.000000 94.000000 133.000000 133.000000 94.000000 
30.000000 94.000000 133.000000 133.000000 94.000000 
30.000000 94.000000 133.000000 133.000000 94.000000 
30.000000 94.000000 133.000000 133.000000 94.000000 
30.000000 94.000000 133.000000 133.000000 94.000000 
30.000000 94.000000 133.000000 133.000000 94.000000 
30.000000 94.000000 133.000000 133.000000 94.000000 
30.000000 94.000000 133.000000 133.000000 94.000000 
30.000000 94.000000 138.000000 138.000000 94.000000 
30.000000 94.000000 138.000000 138.000000 94.000000 
30.000000 94.000000 138.000000 138.000000 94.000000 
30.000000 94.000000 138.000000 138.000000 94.000000 
30.000000 94.000000 138.000000 138.000000 94.000000 
30.000000 94.000000 138.000000 138.000000 94.000000 
30.000000 94.000000 138.000000 138.000000 94.000000 
30.000000 94.000000 138.000000 138.000000 94.000000 
30.000000 94.000000 138.000000 138.000000 94.000000 
30.000000 94.000000 138.000000 138.000000 94.000000 
30.000000 94.000000 138.000000 138.000000 94.000000 
30.000000 94.000000 138.000000 138.000000 94.000000 
25.000000 94.000000 138.000000 138.000000 94.000000 
25.000000 94.000000 138.000000 138.000000 94.000000 
25.000000 94.000000 138.000000 138.000000 94.000000 
25.000000 94.000000 138.000000 138.000000 94.000000 
25.000000 94.000000 138.000000 138.000000 94.000000 
25.000000 94.000000 138.000000 138.000000 94.000000 
25.000000 94.000000 138.000000 138.000000 94.000000 
25.000000 94.000000 138.000000 138.000000 94.000000 
25.000000 94.000000 138.000000 138.000000 94.000000 
25.000000 94.000000 138.000000 138.000000 94.000000 
25.000000 94.000000 138.000000 138.000000 94.000000 
25.000000 94.000000 138.000000 138.000000 94.000000 
25.000000 94.000000 138.000000 138.000000 94.000000 
25.000000 94.000000 138.000000 138.000000 94.000000 
25.000000 94.000000 138.000000 138.000000 94.000000 
25.000000 94.000000 138.000000 138.000000 94.000000 
25.000000 94.000000 138.000000 138.000000 94.000000 
25.000000 94.000000 138.000000 138.000000 94.000000 
25.000000 94.000000 138.000000 138.000000 94.000000 
25.000000 94.000000 138.000000 138.000000 94.000000 
25.000000 94.000000 138.000000 138.000000 94.000000 
25.000000 94.000000 138.000000 138.000000 94.000000 
25.000000 94.000000 138.000000 138.000000 94.000000 
25.000000 94.000000 138.000000 138.000000 94.000000 
25.000000 94.000000 138.000000 138.000000 94.000000 
25.000000 94.000000 138.000000 138.000000 94.000000 
25.000000 94.000000 138.000000 138.000000 94.000000 
25.000000 94.000000 138.000000 138.000000 94.000000 
25.000000 94.000000 138.000000 138.000000 94.000000 
25.000000 94.000000 138.000000 138.000000 94.000000 
25.000000 94.000000 138.000000 138.000000 94.000000 
25.000000 94.000000 138.000000 138.000000 94.000000 
25.000000 94.000000 138.000000 138.000000 94.000000 
25.000000 94.000000 138.000000 138.000000 94.000000 
25.000000 94.000000 138.000000 138.000000 94.000000 
25.000000 94.000000 138.000000 138.000000 94.000000 
25.000000 94.000000 138.000000 138.000000 94.000000 
25.000000 94.000000 138.000000 138.000000 94.000000 
25.000000 94.000000 138.000000 138.000000 94.000000 
25.000000 94.000000 138.000000 138.000000 94.000000 
25.000000 94.000000 138.000000 138.000000 94.000000 
25.000000 94.000000 138.000000 138.000000 94.000000 
25.000000 94.000000 138.000000 138.000000 94.000000 
25.000000 94.000000 138.000000 138.000000 94.000000 
25.000000 94.000000 138.000000 138.000000 94.000000 
25.000000 94.000000 138.000000 138.000000 94.000000 
25.000000 94.000000 138.000000 138.000000 94.000000 
25.000000 94.000000 138.000000 138.000000 94.000000 
25.000000 94.000000 138.000000 138.000000 94.000000 
25.000000 94.000000 138.000000 138.000000 94.000000 
25.000000 94.000000 138.000000 138.000000 94.000000 
25.000000 94.000000 138.000000 138.000000 94.000000 
25.000000 94.000000 138.000000 138.000000 94.000000 
25.000000 94.000000 138.000000 138.000000 94.000000 
25.000000 94.000000 138.000000 138.000000 94.000000 
25.000000 94.000000 138.000000 138.000000 94.000000 
25.000000 94.000000 138.000000 138.000000 94.000000 
25.000000 94.000000 138.000000 138.000000 94.000000 
25.000000 94.000000 138.000000 138.000000 94.000000 
25.000000 94.000000 138.000000 138.000000 94.000000 
25.000000 94.000000 138.000000 138.000000 94.000000 
25.000000 94.000000 138.000000 138.000000 94.000000 
25.000000 94.000000 138.000000 138.000000 94.000000 
25.000000 94.000000 138.000000 138.000000 94.000000 
25.000000 94.000000 138.000000 138.000000 94.000000 
25.000000 94.000000 138.000000 138.000000 94.000000 
25.000000 94.000000 138.000000 138.000000 94.000000 
25.000000 94.000000 138.000000 138.000000 94.000000 
25.000000 94.000000 138.000000 138.000000 94.000000 
25.000000 94.000000 138.000000 138.000000 94.000000 
25.000000 94.000000 138.000000 138.000000 94.000000 
25.000000 94.000000 138.000000 138.000000 94.000000 
25.000000 94.000000 138.000000 138.000000 94.000000 
25.000000 94.000000 138.000000 138.000000 94.000000 
25.000000 94.000000 138.000000 138.000000 94.000000 
25.000000 94.000000 138.000000 138.000000 94.000000 
25.000000 94.000000 138.000000 138.000000 94.000000 
25.000000 94.000000 138.000000 138.000000 94.000000 
25.000000 94.000000 138.000000 138.000000 94.000000 
25.000000 94.000000 138.000000 138.000000 94.000000 
25.000000 94.000000 138.000000 138.000000 94.000000 
25.000000 94.000000 138.000000 138.000000 94.000000 
25.000000 94.000000 138.000000 138.000000 94.000000 
25.000000 94.000000 138.000000 138.000000 94.000000 
25.000000 94.000000 138.000000 138.000000 94.000000 
25.000000 94.000000 138.000000 138.000000 94.000000 
25.000000 94.000000 138.000000 138.000000 94.000000 
25.000000 94.000000 138.000000 138.000000 94.000000 
25.000000 94.000000 138.000000 138.000000 94.000000 
25.000000 94.000000 138.000000 138.000000 94.000000 
25.000000 94.000000 138.000000 138.000000 94.000000 
25.000000 94.000000 138.000000 138.000000 94.000000 
25.000000 94.000000 138.000000 138.000000 94.000000 
25.000000 94.000000 138.000000 138.000000 94.000000 
25.000000 94.000000 138.000000 138.000000 94.000000 
25.000000 94.000000 138.000000 138.000000 94.000000 
25.000000 94.000000 138.000000 138.000000 94.000000 
25.000000 94.000000 138.000000 138.000000 94.000000 
25.000000 94.000000 138.000000 138.000000 94.000000 
25.000000 94.000000 138.000000 138.000000 94.000000 
25.000000 94.000000 138.000000 138.000000 94.000000 
25.000000 94.000000 138.000000 138.000000 94.000000 
20.000000 94.000000 138.000000 138.000000 94.000000 
20.000000 94.000000 138.000000 138.000000 94.000000 
20.000000 94.000000 138.000000 138.000000 94.000000 
20.000000 94.000000 138.000000 138.000000 94.000000 
20.000000 94.000000 138.000000 138.000000 94.000000 
20.000000 94.000000 138.000000 138.000000 94.000000 
20.000000 94.000000 138.000000 138.000000 94.000000 
20.000000 94.000000 138.000000 138.000000 94.000000 
20.000000 94.000000 138.000000 138.000000 94.000000 
20.000000 94.000000 138.000000 138.000000 94.000000 
20.000000 94.000000 138.000000 138.000000 94.000000 
20.000000 94.000000 138.000000 138.000000 94.000000 
20.000000 94.000000 138.000000 138.000000 94.000000 
20.000000 94.000000 138.000000 138.000000 94.000000 
20.000000 94.000000 138.000000 138.000000 94.000000 
20.000000 94.000000 138.000000 138.000000 94.000000 
20.000000 94.000000 138.000000 138.000000 94.000000 
20.000000 94.000000 138.000000 138.000000 94.000000 
20.000000 94.000000 138.000000 138.000000 94.000000 
20.000000 94.000000 138.000000 138.000000 94.000000 
20.000000 94.000000 138.000000 138.000000 94.000000 
20.000000 94.000000 138.000000 138.000000 94.000000 
20.000000 94.000000 138.000000 138.000000 94.000000 
20.000000 94.000000 138.000000 138.000000 94.000000 
20.000000 94.000000 144.000000 144.000000 94.000000 
20.000000 94.000000 144.000000 144.000000 94.000000 
20.000000 94.000000 144.000000 144.000000 94.000000 
20.000000 94.000000 144.000000 144.000000 94.000000 
20.000000 94.000000 144.000000 144.000000 94.000000 
20.000000 94.000000 144.000000 144.000000 94.000000 
20.000000 94.000000 144.000000 144.000000 94.000000 
20.000000 94.000000 144.000000 144.000000 94.000000 
20.000000 94.000000 144.000000 144.000000 94.000000 
20.000000 94.000000 144.000000 144.000000 94.000000 
20.000000 94.000000 144.000000 144.000000 94.000000 
20.000000 94.000000 144.000000 144.000000 94.000000 
20.000000 94.000000 144.000000 144.000000 94.000000 
20.000000 94.000000 144.000000 144.000000 94.000000 
20.000000 94.000000 144.000000 144.000000 94.000000 
20.000000 94.000000 144.000000 144.000000 94.000000 
20.000000 94.000000 144.000000 144.000000 94.000000 
20.000000 94.000000 144.000000 144.000000 94.000000 
20.000000 94.000000 144.000000 144.000000 94.000000 
20.000000 94.000000 144.000000 144.000000 94.000000 
20.000000 94.000000 144.000000 144.000000 94.000000 
20.000000 94.000000 144.000000 144.000000 94.000000 
20.000000 94.000000 144.000000 144.000000 94.000000 
20.000000 94.000000 150.000000 150.000000 94.000000 
20.000000 94.000000 150.000000 150.000000 94.000000 
20.000000 94.000000 150.000000 150.000000 94.000000 
20.000000 94.000000 150.000000 150.000000 94.000000 
20.000000 94.000000 150.000000 150.000000 94.000000 
20.000000 94.000000 150.000000 150.000000 94.000000 
20.000000 94.000000 150.000000 150.000000 94.000000 
20.000000 94.000000 150.000000 150.000000 94.000000 
20.000000 94.000000 150.000000 150.000000 94.000000 
20.000000 94.000000 150.000000 150.000000 94.000000 
20.000000 94.000000 150.000000 150.000000 94.000000 
20.000000 94.000000 150.000000 150.000000 94.000000 
20.000000 94.000000 150.000000 150.000000 94.000000 
20.000000 94.000000 150.000000 150.000000 94.000000 
20.000000 94.000000 159.000000 159.000000 94.000000 
20.000000 94.000000 159.000000 159.000000 94.000000 
20.000000 94.000000 159.000000 159.000000 94.000000 
20.000000 94.000000 159.000000 159.000000 94.000000 
20.000000 94.000000 159.000000 159.000000 94.000000 
20.000000 94.000000 159.000000 159.000000 94.000000 
20.000000 94.000000 159.000000 159.000000 94.000000 
20.000000 94.000000 159.000000 159.000000 94.000000 
20.000000 94.000000 159.000000 159.000000 94.000000 
20.000000 94.000000 159.000000 159.000000 94.000000 
20.000000 94.000000 159.000000 159.000000 94.000000 
20.000000 94.000000 159.000000 159.000000 94.000000 
20.000000 94.000000 169.000000 169.000000 94.000000 
20.000000 94.000000 169.000000 169.000000 94.000000 
20.000000 94.000000 169.000000 169.000000 94.000000 
20.000000 94.000000 169.000000 169.000000 94.000000 
20.000000 94.000000 169.000000 169.000000 94.000000 
20.000000 94.000000 169.000000 169.000000 94.000000 
20.000000 94.000000 169.000000 169.000000 94.000000 
20.000000 94.000000 169.000000 169.000000 94.000000 
20.000000 94.000000 169.000000 169.000000 94.000000 
20.000000 94.000000 169.000000 169.000000 94.000000 
20.000000 94.000000 169.000000 169.000000 94.000000 
20.000000 94.000000 169.000000 169.000000 94.000000 
20.000000 94.000000 169.000000 169.000000 94.000000 
20.000000 94.000000 169.000000 169.000000 94.000000 
20.000000 94.000000 169.000000 169.000000 94.000000 
20.000000 94.000000 183.000000 183.000000 94.000000 
20.000000 94.000000 183.000000 183.000000 94.000000 
20.000000 94.000000 183.000000 183.000000 94.000000 
20.000000 94.000000 183.000000 183.000000 94.000000 
20.000000 94.000000 183.000000 183.000000 94.000000 
20.000000 94.000000 183.000000 183.000000 94.000000 
20.000000 94.000000 183.000000 183.000000 94.000000 
20.000000 94.000000 183.000000 183.000000 94.000000 
20.000000 94.000000 183.000000 183.000000 94.000000 
20.000000 94.000000 183.000000 183.000000 94.000000 
20.000000 94.000000 183.000000 183.000000 94.000000 
20.000000 94.000000 183.000000 183.000000 94.000000 
15.000000 94.000000 183.000000 183.000000 94.000000 
15.000000 94.000000 183.000000 183.000000 94.000000 
15.000000 94.000000 183.000000 183.000000 94.000000 
15.000000 94.000000 183.000000 183.000000 94.000000 
15.000000 94.000000 183.000000 183.000000 94.000000 
15.000000 94.000000 183.000000 183.000000 94.000000 
15.000000 94.000000 183.000000 183.000000 94.000000 
15.000000 94.000000 183.000000 183.000000 94.000000 
15.000000 94.000000 183.000000 183.000000 94.000000 
15.000000 94.000000 183.000000 183.000000 94.000000 
15.000000 94.000000 183.000000 183.000000 94.000000 
15.000000 94.000000 183.000000 183.000000 94.000000 
15.000000 94.000000 183.000000 183.000000 94.000000 
15.000000 94.000000 183.000000 183.000000 94.000000 
15.000000 94.000000 183.000000 183.000000 94.000000 
15.000000 94.000000 183.000000 183.000000 94.000000 
15.000000 94.000000 183.000000 183.000000 94.000000 
15.000000 94.000000 183.000000 183.000000 94.000000 
15.000000 94.000000 183.000000 183.000000 94.000000 
15.000000 94.000000 183.000000 183.000000 94.000000 
15.000000 94.000000 183.000000 183.000000 94.000000 
15.000000 94.000000 183.000000 183.000000 94.000000 
15.000000 94.000000 183.000000 183.000000 94.000000 
15.000000 94.000000 183.000000 183.000000 94.000000 
15.000000 94.000000 183.000000 183.000000 94.000000 
15.000000 94.000000 183.000000 183.000000 94.000000 
15.000000 94.000000 183.000000 183.000000 94.000000 
15.000000 94.000000 183.000000 183.000000 94.000000 
15.000000 94.000000 183.000000 183.000000 94.000000 
15.000000 94.000000 183.000000 183.000000 94.000000 
15.000000 94.000000 183.000000 183.000000 94.000000 
15.000000 94.000000 183.000000 183.000000 94.000000 
15.000000 94.000000 183.000000 183.000000 94.000000 
15.000000 94.000000 183.000000 183.000000 94.000000 
15.000000 94.000000 183.000000 183.000000 94.000000 
15.000000 94.000000 183.000000 183.000000 94.000000 
15.000000 94.000000 183.000000 183.000000 94.000000 
15.000000 94.000000 183.000000 183.000000 94.000000 
15.000000 94.000000 183.000000 183.000000 94.000000 
15.000000 94.000000 183.000000 183.000000 94.000000 
15.000000 94.000000 183.000000 183.000000 94.000000 
15.000000 94.000000 183.000000 183.000000 94.000000 
15.000000 94.000000 183.000000 183.000000 94.000000 
15.000000 94.000000 183.000000 183.000000 94.000000 
15.000000 94.000000 183.000000 183.000000 94.000000 
15.000000 94.000000 183.000000 183.000000 94.000000 
15.000000 94.000000 183.000000 183.000000 94.000000 
15.000000 94.000000 183.000000 183.000000 94.000000 
15.000000 94.000000 183.000000 183.000000 94.000000 
15.000000 94.000000 183.000000 183.000000 94.000000 
15.000000 94.000000 183.000000 183.000000 94.000000 
15.000000 94.000000 183.000000 183.000000 94.000000 
15.000000 94.000000 183.000000 183.000000 94.000000 
15.000000 94.000000 183.000000 183.000000 94.000000 
15.000000 94.000000 183.000000 183.000000 94.000000 
15.000000 94.000000 183.000000 183.000000 94.000000 
15.000000 94.000000 183.000000 183.000000 94.000000 
15.000000 94.000000 183.000000 183.000000 94.000000 
15.000000 94.000000 183.000000 183.000000 94.000000 
15.000000 94.000000 183.000000 183.000000 94.000000 
15.000000 94.000000 183.000000 183.000000 94.000000 
15.000000 94.000000 183.000000 183.000000 94.000000 
15.000000 94.000000 183.000000 183.000000 94.000000 
15.000000 94.000000 183.000000 183.000000 94.000000 
15.000000 94.000000 183.000000 183.000000 94.000000 
15.000000 94.000000 183.000000 183.000000 94.000000 
15.000000 94.000000 183.000000 183.000000 94.000000 
15.000000 94.000000 183.000000 183.000000 94.000000 
15.000000 94.000000 183.000000 183.000000 94.000000 
15.000000 94.000000 183.000000 183.000000 94.000000 
15.000000 94.000000 183.000000 183.000000 94.000000 
15.000000 94.000000 183.000000 183.000000 94.000000 
15.000000 94.000000 183.000000 183.000000 94.000000 
15.000000 94.000000 183.000000 183.000000 94.000000 
15.000000 94.000000 183.000000 183.000000 94.000000 
15.000000 94.000000 183.000000 183.000000 94.000000 
15.000000 94.000000 183.000000 183.000000 94.000000 
15.000000 94.000000 183.000000 183.000000 94.000000 
15.000000 94.000000 183.000000 183.000000 94.000000 
15.000000 94.000000 183.000000 183.000000 94.000000 
15.000000 94.000000 183.000000 183.000000 94.000000 
15.000000 94.000000 183.000000 183.000000 94.000000 
15.000000 94.000000 183.000000 183.000000 94.000000 
15.000000 94.000000 183.000000 183.000000 94.000000 
15.000000 94.000000 183.000000 183.000000 94.000000 
15.000000 94.000000 183.000000 183.000000 94.000000 
15.000000 94.000000 183.000000 183.000000 94.000000 
15.000000 94.000000 183.000000 183.000000 94.000000 
15.000000 94.000000 183.000000 183.000000 94.000000 
15.000000 94.000000 183.000000 183.000000 94.000000 
15.000000 94.000000 183.000000 183.000000 94.000000 
15.000000 94.000000 183.000000 183.000000 94.000000 
15.000000 94.000000 183.000000 183.000000 94.000000 
15.000000 94.000000 183.000000 183.000000 94.000000 
15.000000 94.000000 183.000000 183.000000 94.000000 
15.000000 94.000000 183.000000 183.000000 94.000000 
15.000000 94.000000 183.000000 183.000000 94.000000 
15.000000 94.000000 183.000000 183.000000 94.000000 
15.000000 94.000000 183.000000 183.000000 94.000000 
15.000000 94.000000 183.000000 183.000000 94.000000 
15.000000 94.000000 183.000000 183.000000 94.000000 
15.000000 94.000000 183.000000 183.000000 94.000000 
15.000000 94.000000 183.000000 183.000000 94.000000 
15.000000 94.000000 183.000000 183.000000 94.000000 
15.000000 94.000000 183.000000 183.000000 94.000000 
