75.000000 0.888889 0.800000 0.800000 0.800000 0.888889 
75.000000 0.888889 0.800000 0.800000 0.800000 0.888889 
75.000000 0.888889 0.800000 0.800000 0.800000 0.888889 
75.000000 0.888889 0.800000 0.800000 0.800000 0.888889 
75.000000 0.888889 0.800000 0.800000 0.800000 0.888889 
75.000000 0.888889 0.800000 0.800000 0.800000 0.888889 
75.000000 0.888889 0.800000 0.800000 0.800000 0.888889 
75.000000 0.888889 0.800000 0.800000 0.800000 0.888889 
75.000000 0.888889 0.800000 0.800000 0.800000 0.888889 
75.000000 0.888889 0.800000 0.800000 0.800000 0.888889 
75.000000 0.888889 0.800000 0.800000 0.800000 0.888889 
75.000000 0.888889 0.800000 0.800000 0.800000 0.888889 
75.000000 0.888889 0.800000 0.800000 0.800000 0.888889 
75.000000 0.888889 0.800000 0.800000 0.800000 0.888889 
75.000000 0.888889 0.800000 0.800000 0.800000 0.888889 
75.000000 0.888889 0.800000 0.800000 0.800000 0.888889 
75.000000 0.888889 0.800000 0.800000 0.800000 0.888889 
75.000000 0.888889 0.800000 0.800000 0.800000 0.888889 
75.000000 0.888889 0.800000 0.800000 0.800000 0.888889 
75.000000 0.888889 0.800000 0.800000 0.800000 0.888889 
75.000000 0.888889 0.800000 0.800000 0.800000 0.888889 
75.000000 0.888889 0.800000 0.800000 0.800000 0.888889 
75.000000 0.888889 0.800000 0.800000 0.800000 0.888889 
75.000000 0.888889 0.800000 0.800000 0.800000 0.888889 
75.000000 0.888889 0.800000 0.800000 0.800000 0.888889 
75.000000 0.888889 0.800000 0.800000 0.800000 0.888889 
75.000000 0.888889 0.800000 0.800000 0.800000 0.888889 
75.000000 0.888889 0.800000 0.800000 0.800000 0.888889 
75.000000 0.888889 0.800000 0.800000 0.800000 0.888889 
75.000000 0.888889 0.800000 0.800000 0.800000 0.888889 
75.000000 0.888889 0.800000 0.800000 0.800000 0.888889 
75.000000 0.888889 0.800000 0.800000 0.800000 0.888889 
75.000000 0.888889 0.800000 0.800000 0.800000 0.888889 
75.000000 0.888889 0.800000 0.800000 0.800000 0.888889 
75.000000 0.888889 0.800000 0.800000 0.800000 0.888889 
75.000000 0.888889 0.800000 0.800000 0.800000 0.888889 
75.000000 0.888889 0.800000 0.800000 0.800000 0.888889 
75.000000 0.888889 0.800000 0.800000 0.800000 0.888889 
75.000000 0.888889 0.800000 0.800000 0.800000 0.888889 
75.000000 0.888889 0.800000 0.800000 0.800000 0.888889 
75.000000 0.888889 0.800000 0.800000 0.800000 0.888889 
75.000000 0.888889 0.800000 0.800000 0.800000 0.888889 
75.000000 0.888889 0.800000 0.800000 0.800000 0.888889 
75.000000 0.888889 0.800000 0.800000 0.800000 0.888889 
75.000000 0.888889 0.800000 0.800000 0.800000 0.888889 
75.000000 0.888889 0.800000 0.800000 0.800000 0.888889 
75.000000 0.888889 0.800000 0.800000 0.800000 0.888889 
75.000000 0.888889 0.800000 0.800000 0.800000 0.888889 
75.000000 0.888889 0.800000 0.800000 0.800000 0.888889 
75.000000 0.888889 0.800000 0.800000 0.800000 0.888889 
75.000000 0.888889 0.800000 0.800000 0.800000 0.888889 
75.000000 0.888889 0.800000 0.800000 0.800000 0.888889 
75.000000 0.888889 0.800000 0.800000 0.800000 0.888889 
75.000000 0.888889 0.800000 0.800000 0.800000 0.888889 
75.000000 0.888889 0.800000 0.800000 0.800000 0.888889 
75.000000 0.888889 0.800000 0.800000 0.800000 0.888889 
75.000000 0.888889 0.800000 0.800000 0.800000 0.888889 
75.000000 0.888889 0.800000 0.800000 0.800000 0.888889 
75.000000 0.888889 0.800000 0.800000 0.800000 0.888889 
75.000000 0.888889 0.800000 0.800000 0.800000 0.888889 
75.000000 0.888889 0.800000 0.800000 0.800000 0.888889 
75.000000 0.888889 0.800000 0.800000 0.800000 0.888889 
75.000000 0.888889 0.800000 0.800000 0.800000 0.888889 
75.000000 0.888889 0.800000 0.800000 0.800000 0.888889 
75.000000 0.888889 0.800000 0.800000 0.800000 0.888889 
75.000000 0.888889 0.800000 0.800000 0.800000 0.888889 
75.000000 0.888889 0.800000 0.800000 0.800000 0.888889 
75.000000 0.888889 0.800000 0.800000 0.800000 0.888889 
75.000000 0.888889 0.800000 0.800000 0.800000 0.888889 
75.000000 0.888889 0.800000 0.800000 0.800000 0.888889 
75.000000 0.888889 0.800000 0.800000 0.800000 0.888889 
75.000000 0.888889 0.800000 0.800000 0.800000 0.888889 
75.000000 0.888889 0.800000 0.800000 0.800000 0.888889 
75.000000 0.888889 0.800000 0.800000 0.800000 0.888889 
75.000000 0.888889 0.800000 0.800000 0.800000 0.888889 
75.000000 0.888889 0.800000 0.800000 0.800000 0.888889 
75.000000 0.888889 0.800000 0.800000 0.800000 0.888889 
75.000000 0.888889 0.800000 0.800000 0.800000 0.888889 
75.000000 0.888889 0.800000 0.800000 0.800000 0.888889 
75.000000 0.888889 0.800000 0.800000 0.800000 0.888889 
75.000000 0.888889 0.800000 0.800000 0.800000 0.888889 
75.000000 0.888889 0.800000 0.800000 0.800000 0.888889 
75.000000 0.888889 0.800000 0.800000 0.800000 0.888889 
75.000000 0.888889 0.800000 0.800000 0.800000 0.888889 
75.000000 0.888889 0.800000 0.800000 0.800000 0.888889 
75.000000 0.888889 0.800000 0.800000 0.800000 0.888889 
75.000000 0.888889 0.800000 0.800000 0.800000 0.888889 
75.000000 0.888889 0.800000 0.800000 0.800000 0.888889 
75.000000 0.888889 0.800000 0.800000 0.800000 0.888889 
75.000000 0.888889 0.800000 0.800000 0.800000 0.888889 
75.000000 0.888889 0.800000 0.800000 0.800000 0.888889 
75.000000 0.888889 0.800000 0.800000 0.800000 0.888889 
75.000000 0.888889 0.800000 0.800000 0.800000 0.888889 
75.000000 0.888889 0.800000 0.800000 0.800000 0.888889 
75.000000 0.888889 0.800000 0.800000 0.800000 0.888889 
75.000000 0.888889 0.800000 0.800000 0.800000 0.888889 
75.000000 0.888889 0.800000 0.800000 0.800000 0.888889 
75.000000 0.888889 0.800000 0.800000 0.800000 0.888889 
75.000000 0.888889 0.800000 0.800000 0.800000 0.888889 
75.000000 0.888889 0.800000 0.800000 0.800000 0.888889 
75.000000 0.888889 0.800000 0.800000 0.800000 0.888889 
75.000000 0.888889 0.800000 0.800000 0.800000 0.888889 
75.000000 0.888889 0.800000 0.800000 0.800000 0.888889 
75.000000 0.888889 0.800000 0.800000 0.800000 0.888889 
70.000000 0.888889 0.800000 0.800000 0.800000 0.888889 
70.000000 0.888889 0.800000 0.800000 0.800000 0.888889 
70.000000 0.888889 0.800000 0.800000 0.800000 0.888889 
70.000000 0.888889 0.800000 0.800000 0.800000 0.888889 
70.000000 0.888889 0.800000 0.800000 0.800000 0.888889 
70.000000 0.888889 0.800000 0.800000 0.800000 0.888889 
70.000000 0.888889 0.800000 0.800000 0.800000 0.888889 
70.000000 0.888889 0.800000 0.800000 0.800000 0.888889 
70.000000 0.888889 0.800000 0.800000 0.800000 0.888889 
70.000000 0.888889 0.800000 0.800000 0.800000 0.888889 
70.000000 0.888889 0.800000 0.800000 0.800000 0.888889 
70.000000 0.888889 0.800000 0.800000 0.800000 0.888889 
70.000000 0.888889 0.800000 0.800000 0.800000 0.888889 
70.000000 0.888889 0.800000 0.800000 0.800000 0.888889 
70.000000 0.888889 0.800000 0.800000 0.800000 0.888889 
70.000000 0.888889 0.800000 0.800000 0.800000 0.888889 
70.000000 0.888889 0.800000 0.800000 0.800000 0.888889 
70.000000 0.888889 0.800000 0.800000 0.800000 0.888889 
70.000000 0.888889 0.800000 0.800000 0.800000 0.888889 
70.000000 0.888889 0.800000 0.800000 0.800000 0.888889 
70.000000 0.888889 0.800000 0.800000 0.800000 0.888889 
70.000000 0.888889 0.800000 0.800000 0.800000 0.888889 
70.000000 0.888889 0.800000 0.800000 0.800000 0.888889 
70.000000 0.888889 0.800000 0.800000 0.800000 0.888889 
70.000000 0.888889 0.800000 0.800000 0.800000 0.888889 
70.000000 0.888889 0.800000 0.800000 0.800000 0.888889 
70.000000 0.888889 0.800000 0.800000 0.800000 0.888889 
70.000000 0.888889 0.800000 0.800000 0.800000 0.888889 
70.000000 0.888889 0.800000 0.800000 0.800000 0.888889 
70.000000 0.888889 0.800000 0.800000 0.800000 0.888889 
70.000000 0.888889 0.800000 0.800000 0.800000 0.888889 
70.000000 0.888889 0.800000 0.800000 0.800000 0.888889 
70.000000 0.888889 0.800000 0.800000 0.800000 0.888889 
70.000000 0.888889 0.800000 0.800000 0.800000 0.888889 
70.000000 0.888889 0.800000 0.800000 0.800000 0.888889 
70.000000 0.888889 0.800000 0.800000 0.800000 0.888889 
70.000000 0.888889 0.800000 0.800000 0.800000 0.888889 
70.000000 0.888889 0.800000 0.800000 0.800000 0.888889 
70.000000 0.888889 0.800000 0.800000 0.800000 0.888889 
70.000000 0.888889 0.800000 0.800000 0.800000 0.888889 
70.000000 0.888889 0.800000 0.800000 0.800000 0.888889 
70.000000 0.888889 0.800000 0.800000 0.800000 0.888889 
70.000000 0.888889 0.800000 0.800000 0.800000 0.888889 
70.000000 0.888889 0.800000 0.800000 0.800000 0.888889 
70.000000 0.888889 0.800000 0.800000 0.800000 0.888889 
70.000000 0.888889 0.761905 0.761905 0.761905 0.888889 
70.000000 0.888889 0.761905 0.761905 0.761905 0.888889 
70.000000 0.888889 0.761905 0.761905 0.761905 0.888889 
70.000000 0.888889 0.761905 0.761905 0.761905 0.888889 
70.000000 0.888889 0.761905 0.761905 0.761905 0.888889 
70.000000 0.888889 0.761905 0.761905 0.761905 0.888889 
70.000000 0.888889 0.761905 0.761905 0.761905 0.888889 
70.000000 0.888889 0.761905 0.761905 0.761905 0.888889 
70.000000 0.888889 0.761905 0.761905 0.761905 0.888889 
70.000000 0.888889 0.761905 0.761905 0.761905 0.888889 
70.000000 0.888889 0.761905 0.761905 0.761905 0.888889 
70.000000 0.888889 0.761905 0.761905 0.761905 0.888889 
70.000000 0.888889 0.761905 0.761905 0.761905 0.888889 
70.000000 0.888889 0.761905 0.761905 0.761905 0.888889 
70.000000 0.888889 0.727273 0.727273 0.727273 0.888889 
70.000000 0.888889 0.727273 0.727273 0.727273 0.888889 
70.000000 0.888889 0.727273 0.727273 0.727273 0.888889 
70.000000 0.888889 0.727273 0.727273 0.727273 0.888889 
70.000000 0.888889 0.727273 0.727273 0.727273 0.888889 
70.000000 0.888889 0.727273 0.727273 0.727273 0.888889 
70.000000 0.888889 0.727273 0.727273 0.727273 0.888889 
70.000000 0.888889 0.727273 0.727273 0.727273 0.888889 
70.000000 0.888889 0.727273 0.727273 0.727273 0.888889 
70.000000 0.888889 0.727273 0.727273 0.727273 0.888889 
70.000000 0.888889 0.727273 0.727273 0.727273 0.888889 
70.000000 0.888889 0.727273 0.727273 0.727273 0.888889 
70.000000 0.888889 0.727273 0.727273 0.727273 0.888889 
70.000000 0.888889 0.727273 0.727273 0.727273 0.888889 
70.000000 0.888889 0.727273 0.727273 0.727273 0.888889 
70.000000 0.888889 0.727273 0.727273 0.727273 0.888889 
70.000000 0.888889 0.727273 0.727273 0.727273 0.888889 
70.000000 0.888889 0.727273 0.727273 0.727273 0.888889 
70.000000 0.888889 0.727273 0.727273 0.727273 0.888889 
70.000000 0.888889 0.727273 0.727273 0.727273 0.888889 
70.000000 0.888889 0.727273 0.727273 0.727273 0.888889 
70.000000 0.888889 0.727273 0.727273 0.727273 0.888889 
70.000000 0.888889 0.727273 0.727273 0.727273 0.888889 
70.000000 0.888889 0.727273 0.727273 0.727273 0.888889 
70.000000 0.888889 0.727273 0.727273 0.727273 0.888889 
70.000000 0.888889 0.727273 0.727273 0.727273 0.888889 
70.000000 0.888889 0.727273 0.727273 0.727273 0.888889 
70.000000 0.888889 0.695652 0.695652 0.695652 0.888889 
70.000000 0.888889 0.695652 0.695652 0.695652 0.888889 
70.000000 0.888889 0.695652 0.695652 0.695652 0.888889 
70.000000 0.888889 0.695652 0.695652 0.695652 0.888889 
70.000000 0.888889 0.695652 0.695652 0.695652 0.888889 
70.000000 0.888889 0.695652 0.695652 0.695652 0.888889 
70.000000 0.888889 0.695652 0.695652 0.695652 0.888889 
70.000000 0.888889 0.695652 0.695652 0.695652 0.888889 
70.000000 0.888889 0.695652 0.695652 0.695652 0.888889 
70.000000 0.888889 0.695652 0.695652 0.695652 0.888889 
70.000000 0.888889 0.695652 0.695652 0.695652 0.888889 
70.000000 0.888889 0.695652 0.695652 0.695652 0.888889 
65.000000 0.888889 0.695652 0.695652 0.695652 0.888889 
65.000000 0.888889 0.695652 0.695652 0.695652 0.888889 
65.000000 0.888889 0.695652 0.695652 0.695652 0.888889 
65.000000 0.888889 0.695652 0.695652 0.695652 0.888889 
65.000000 0.888889 0.695652 0.695652 0.695652 0.888889 
65.000000 0.888889 0.695652 0.695652 0.695652 0.888889 
65.000000 0.888889 0.695652 0.695652 0.695652 0.888889 
65.000000 0.888889 0.695652 0.695652 0.695652 0.888889 
65.000000 0.888889 0.695652 0.695652 0.695652 0.888889 
65.000000 0.888889 0.695652 0.695652 0.695652 0.888889 
65.000000 0.888889 0.695652 0.695652 0.695652 0.888889 
65.000000 0.888889 0.695652 0.695652 0.695652 0.888889 
65.000000 0.888889 0.695652 0.695652 0.695652 0.888889 
65.000000 0.888889 0.695652 0.695652 0.695652 0.888889 
65.000000 0.888889 0.695652 0.695652 0.695652 0.888889 
65.000000 0.888889 0.695652 0.695652 0.695652 0.888889 
65.000000 0.888889 0.695652 0.695652 0.695652 0.888889 
65.000000 0.888889 0.695652 0.695652 0.695652 0.888889 
65.000000 0.888889 0.695652 0.695652 0.695652 0.888889 
65.000000 0.888889 0.695652 0.695652 0.695652 0.888889 
65.000000 0.888889 0.695652 0.695652 0.695652 0.888889 
65.000000 0.888889 0.695652 0.695652 0.695652 0.888889 
65.000000 0.888889 0.695652 0.695652 0.695652 0.888889 
65.000000 0.888889 0.695652 0.695652 0.695652 0.888889 
65.000000 0.888889 0.695652 0.695652 0.695652 0.888889 
65.000000 0.888889 0.695652 0.695652 0.695652 0.888889 
65.000000 0.888889 0.695652 0.695652 0.695652 0.888889 
65.000000 0.888889 0.695652 0.695652 0.695652 0.888889 
65.000000 0.888889 0.695652 0.695652 0.695652 0.888889 
65.000000 0.888889 0.695652 0.695652 0.695652 0.888889 
65.000000 0.888889 0.695652 0.695652 0.695652 0.888889 
65.000000 0.888889 0.695652 0.695652 0.695652 0.888889 
65.000000 0.888889 0.695652 0.695652 0.695652 0.888889 
65.000000 0.888889 0.695652 0.695652 0.695652 0.888889 
65.000000 0.888889 0.695652 0.695652 0.695652 0.888889 
65.000000 0.888889 0.695652 0.695652 0.695652 0.888889 
65.000000 0.888889 0.695652 0.695652 0.695652 0.888889 
65.000000 0.888889 0.695652 0.695652 0.695652 0.888889 
65.000000 0.888889 0.695652 0.695652 0.695652 0.888889 
65.000000 0.888889 0.695652 0.695652 0.695652 0.888889 
65.000000 0.888889 0.695652 0.695652 0.695652 0.888889 
65.000000 0.888889 0.695652 0.695652 0.695652 0.888889 
65.000000 0.888889 0.695652 0.695652 0.695652 0.888889 
65.000000 0.888889 0.695652 0.695652 0.695652 0.888889 
65.000000 0.888889 0.695652 0.695652 0.695652 0.888889 
65.000000 0.888889 0.695652 0.695652 0.695652 0.888889 
65.000000 0.888889 0.695652 0.695652 0.695652 0.888889 
65.000000 0.888889 0.695652 0.695652 0.695652 0.888889 
65.000000 0.888889 0.695652 0.695652 0.695652 0.888889 
65.000000 0.888889 0.695652 0.695652 0.695652 0.888889 
65.000000 0.888889 0.695652 0.695652 0.695652 0.888889 
65.000000 0.888889 0.695652 0.695652 0.695652 0.888889 
65.000000 0.888889 0.695652 0.695652 0.695652 0.888889 
65.000000 0.888889 0.695652 0.695652 0.695652 0.888889 
65.000000 0.888889 0.695652 0.695652 0.695652 0.888889 
65.000000 0.888889 0.695652 0.695652 0.695652 0.888889 
65.000000 0.888889 0.695652 0.695652 0.695652 0.888889 
65.000000 0.888889 0.695652 0.695652 0.695652 0.888889 
65.000000 0.888889 0.695652 0.695652 0.695652 0.888889 
65.000000 0.888889 0.695652 0.695652 0.695652 0.888889 
65.000000 0.888889 0.695652 0.695652 0.695652 0.888889 
65.000000 0.888889 0.695652 0.695652 0.695652 0.888889 
65.000000 0.888889 0.695652 0.695652 0.695652 0.888889 
65.000000 0.888889 0.695652 0.695652 0.695652 0.888889 
65.000000 0.888889 0.695652 0.695652 0.695652 0.888889 
65.000000 0.888889 0.695652 0.695652 0.695652 0.888889 
65.000000 0.888889 0.695652 0.695652 0.695652 0.888889 
65.000000 0.888889 0.695652 0.695652 0.695652 0.888889 
65.000000 0.888889 0.695652 0.695652 0.695652 0.888889 
65.000000 0.888889 0.695652 0.695652 0.695652 0.888889 
65.000000 0.888889 0.695652 0.695652 0.695652 0.888889 
65.000000 0.888889 0.695652 0.695652 0.695652 0.888889 
65.000000 0.888889 0.695652 0.695652 0.695652 0.888889 
65.000000 0.888889 0.695652 0.695652 0.695652 0.888889 
65.000000 0.888889 0.695652 0.695652 0.695652 0.888889 
65.000000 0.888889 0.695652 0.695652 0.695652 0.888889 
65.000000 0.888889 0.695652 0.695652 0.695652 0.888889 
65.000000 0.888889 0.695652 0.695652 0.695652 0.888889 
65.000000 0.888889 0.695652 0.695652 0.695652 0.888889 
65.000000 0.888889 0.695652 0.695652 0.695652 0.888889 
65.000000 0.888889 0.695652 0.695652 0.695652 0.888889 
65.000000 0.888889 0.695652 0.695652 0.695652 0.888889 
65.000000 0.888889 0.695652 0.695652 0.695652 0.888889 
65.000000 0.888889 0.695652 0.695652 0.695652 0.888889 
65.000000 0.888889 0.695652 0.695652 0.695652 0.888889 
65.000000 0.888889 0.695652 0.695652 0.695652 0.888889 
65.000000 0.888889 0.695652 0.695652 0.695652 0.888889 
65.000000 0.888889 0.695652 0.695652 0.695652 0.888889 
65.000000 0.888889 0.695652 0.695652 0.695652 0.888889 
65.000000 0.888889 0.695652 0.695652 0.695652 0.888889 
65.000000 0.888889 0.695652 0.695652 0.695652 0.888889 
65.000000 0.888889 0.695652 0.695652 0.695652 0.888889 
65.000000 0.888889 0.695652 0.695652 0.695652 0.888889 
65.000000 0.888889 0.695652 0.695652 0.695652 0.888889 
65.000000 0.888889 0.695652 0.695652 0.695652 0.888889 
65.000000 0.888889 0.695652 0.695652 0.695652 0.888889 
65.000000 0.888889 0.695652 0.695652 0.695652 0.888889 
65.000000 0.888889 0.695652 0.695652 0.695652 0.888889 
65.000000 0.888889 0.695652 0.695652 0.695652 0.888889 
65.000000 0.888889 0.695652 0.695652 0.695652 0.888889 
65.000000 0.888889 0.695652 0.695652 0.695652 0.888889 
65.000000 0.888889 0.695652 0.695652 0.695652 0.888889 
60.000000 0.888889 0.695652 0.695652 0.695652 0.888889 
60.000000 0.888889 0.695652 0.695652 0.695652 0.888889 
60.000000 0.888889 0.695652 0.695652 0.695652 0.888889 
60.000000 0.888889 0.695652 0.695652 0.695652 0.888889 
60.000000 0.888889 0.695652 0.695652 0.695652 0.888889 
60.000000 0.888889 0.695652 0.695652 0.695652 0.888889 
60.000000 0.888889 0.695652 0.695652 0.695652 0.888889 
60.000000 0.888889 0.695652 0.695652 0.695652 0.888889 
60.000000 0.888889 0.695652 0.695652 0.695652 0.888889 
60.000000 0.888889 0.695652 0.695652 0.695652 0.888889 
60.000000 0.888889 0.695652 0.695652 0.695652 0.888889 
60.000000 0.888889 0.695652 0.695652 0.695652 0.888889 
60.000000 0.888889 0.695652 0.695652 0.695652 0.888889 
60.000000 0.888889 0.695652 0.695652 0.695652 0.888889 
60.000000 0.888889 0.695652 0.695652 0.695652 0.888889 
60.000000 0.888889 0.695652 0.695652 0.695652 0.888889 
60.000000 0.888889 0.695652 0.695652 0.695652 0.888889 
60.000000 0.888889 0.695652 0.695652 0.695652 0.888889 
60.000000 0.888889 0.695652 0.695652 0.695652 0.888889 
60.000000 0.888889 0.695652 0.695652 0.695652 0.888889 
60.000000 0.888889 0.695652 0.695652 0.695652 0.888889 
60.000000 0.888889 0.695652 0.695652 0.695652 0.888889 
60.000000 0.888889 0.666667 0.666667 0.666667 0.888889 
60.000000 0.888889 0.666667 0.666667 0.666667 0.888889 
60.000000 0.888889 0.666667 0.666667 0.666667 0.888889 
60.000000 0.888889 0.666667 0.666667 0.666667 0.888889 
60.000000 0.888889 0.666667 0.666667 0.666667 0.888889 
60.000000 0.888889 0.666667 0.666667 0.666667 0.888889 
60.000000 0.888889 0.666667 0.666667 0.666667 0.888889 
60.000000 0.888889 0.666667 0.666667 0.666667 0.888889 
60.000000 0.888889 0.666667 0.666667 0.666667 0.888889 
60.000000 0.888889 0.666667 0.666667 0.666667 0.888889 
60.000000 0.888889 0.666667 0.666667 0.666667 0.888889 
60.000000 0.888889 0.666667 0.666667 0.666667 0.888889 
60.000000 0.888889 0.666667 0.666667 0.666667 0.888889 
60.000000 0.888889 0.666667 0.666667 0.666667 0.888889 
60.000000 0.888889 0.666667 0.666667 0.666667 0.888889 
60.000000 0.888889 0.666667 0.666667 0.666667 0.888889 
60.000000 0.888889 0.666667 0.666667 0.666667 0.888889 
60.000000 0.888889 0.666667 0.666667 0.666667 0.888889 
60.000000 0.888889 0.666667 0.666667 0.666667 0.888889 
60.000000 0.888889 0.666667 0.666667 0.666667 0.888889 
60.000000 0.888889 0.666667 0.666667 0.666667 0.888889 
60.000000 0.888889 0.666667 0.666667 0.666667 0.888889 
60.000000 0.888889 0.666667 0.666667 0.666667 0.888889 
60.000000 0.888889 0.640000 0.640000 0.640000 0.888889 
60.000000 0.888889 0.640000 0.640000 0.640000 0.888889 
60.000000 0.888889 0.640000 0.640000 0.640000 0.888889 
60.000000 0.888889 0.666667 0.666667 0.666667 0.888889 
60.000000 0.888889 0.640000 0.640000 0.640000 0.888889 
60.000000 0.888889 0.666667 0.666667 0.666667 0.888889 
60.000000 0.888889 0.640000 0.640000 0.640000 0.888889 
60.000000 0.888889 0.640000 0.640000 0.640000 0.888889 
60.000000 0.888889 0.666667 0.666667 0.666667 0.888889 
60.000000 0.888889 0.640000 0.640000 0.640000 0.888889 
60.000000 0.888889 0.640000 0.640000 0.640000 0.888889 
60.000000 0.888889 0.640000 0.640000 0.640000 0.888889 
60.000000 0.888889 0.640000 0.640000 0.640000 0.888889 
60.000000 0.888889 0.640000 0.640000 0.640000 0.888889 
60.000000 0.888889 0.640000 0.640000 0.640000 0.888889 
60.000000 0.888889 0.640000 0.640000 0.640000 0.888889 
60.000000 0.888889 0.640000 0.640000 0.640000 0.888889 
60.000000 0.888889 0.640000 0.640000 0.640000 0.888889 
60.000000 0.888889 0.640000 0.640000 0.640000 0.888889 
60.000000 0.888889 0.640000 0.640000 0.640000 0.888889 
60.000000 0.888889 0.640000 0.640000 0.640000 0.888889 
60.000000 0.888889 0.640000 0.640000 0.640000 0.888889 
60.000000 0.888889 0.640000 0.640000 0.640000 0.888889 
60.000000 0.888889 0.640000 0.640000 0.640000 0.888889 
60.000000 0.888889 0.640000 0.640000 0.640000 0.888889 
60.000000 0.888889 0.615385 0.615385 0.615385 0.888889 
60.000000 0.888889 0.615385 0.615385 0.615385 0.888889 
60.000000 0.888889 0.615385 0.615385 0.615385 0.888889 
60.000000 0.888889 0.615385 0.615385 0.615385 0.888889 
60.000000 0.888889 0.615385 0.615385 0.615385 0.888889 
60.000000 0.888889 0.615385 0.615385 0.615385 0.888889 
60.000000 0.888889 0.615385 0.615385 0.615385 0.888889 
60.000000 0.888889 0.615385 0.615385 0.615385 0.888889 
60.000000 0.888889 0.615385 0.615385 0.615385 0.888889 
60.000000 0.888889 0.615385 0.615385 0.615385 0.888889 
60.000000 0.888889 0.615385 0.615385 0.615385 0.888889 
60.000000 0.888889 0.615385 0.615385 0.615385 0.888889 
60.000000 0.888889 0.615385 0.615385 0.615385 0.888889 
60.000000 0.888889 0.615385 0.615385 0.615385 0.888889 
60.000000 0.888889 0.615385 0.615385 0.615385 0.888889 
60.000000 0.888889 0.615385 0.615385 0.615385 0.888889 
60.000000 0.888889 0.592593 0.592593 0.592593 0.888889 
60.000000 0.888889 0.592593 0.592593 0.592593 0.888889 
60.000000 0.888889 0.592593 0.592593 0.592593 0.888889 
60.000000 0.888889 0.592593 0.592593 0.592593 0.888889 
60.000000 0.888889 0.592593 0.592593 0.592593 0.888889 
60.000000 0.888889 0.592593 0.592593 0.592593 0.888889 
60.000000 0.888889 0.592593 0.592593 0.592593 0.888889 
60.000000 0.888889 0.592593 0.592593 0.592593 0.888889 
60.000000 0.888889 0.592593 0.592593 0.592593 0.888889 
60.000000 0.888889 0.592593 0.592593 0.592593 0.888889 
60.000000 0.888889 0.592593 0.592593 0.592593 0.888889 
60.000000 0.888889 0.592593 0.592593 0.592593 0.888889 
55.000000 0.888889 0.592593 0.592593 0.592593 0.888889 
55.000000 0.888889 0.592593 0.592593 0.592593 0.888889 
55.000000 0.888889 0.592593 0.592593 0.592593 0.888889 
55.000000 0.888889 0.592593 0.592593 0.592593 0.888889 
55.000000 0.888889 0.592593 0.592593 0.592593 0.888889 
55.000000 0.888889 0.592593 0.592593 0.592593 0.888889 
55.000000 0.888889 0.592593 0.592593 0.592593 0.888889 
55.000000 0.888889 0.592593 0.592593 0.592593 0.888889 
55.000000 0.888889 0.592593 0.592593 0.592593 0.888889 
55.000000 0.888889 0.592593 0.592593 0.592593 0.888889 
55.000000 0.888889 0.592593 0.592593 0.592593 0.888889 
55.000000 0.888889 0.592593 0.592593 0.592593 0.888889 
55.000000 0.888889 0.592593 0.592593 0.592593 0.888889 
55.000000 0.888889 0.592593 0.592593 0.592593 0.888889 
55.000000 0.888889 0.592593 0.592593 0.592593 0.888889 
55.000000 0.888889 0.592593 0.592593 0.592593 0.888889 
55.000000 0.888889 0.592593 0.592593 0.592593 0.888889 
55.000000 0.888889 0.592593 0.592593 0.592593 0.888889 
55.000000 0.888889 0.592593 0.592593 0.592593 0.888889 
55.000000 0.888889 0.592593 0.592593 0.592593 0.888889 
55.000000 0.888889 0.592593 0.592593 0.592593 0.888889 
55.000000 0.888889 0.592593 0.592593 0.592593 0.888889 
55.000000 0.888889 0.592593 0.592593 0.592593 0.888889 
55.000000 0.888889 0.592593 0.592593 0.592593 0.888889 
55.000000 0.888889 0.592593 0.592593 0.592593 0.888889 
55.000000 0.888889 0.592593 0.592593 0.592593 0.888889 
55.000000 0.888889 0.592593 0.592593 0.592593 0.888889 
55.000000 0.888889 0.592593 0.592593 0.592593 0.888889 
55.000000 0.888889 0.592593 0.592593 0.592593 0.888889 
55.000000 0.888889 0.592593 0.592593 0.592593 0.888889 
55.000000 0.888889 0.592593 0.592593 0.592593 0.888889 
55.000000 0.888889 0.592593 0.592593 0.592593 0.888889 
55.000000 0.888889 0.592593 0.592593 0.592593 0.888889 
55.000000 0.888889 0.592593 0.592593 0.592593 0.888889 
55.000000 0.888889 0.592593 0.592593 0.592593 0.888889 
55.000000 0.888889 0.592593 0.592593 0.592593 0.888889 
55.000000 0.888889 0.592593 0.592593 0.592593 0.888889 
55.000000 0.888889 0.592593 0.592593 0.592593 0.888889 
55.000000 0.888889 0.592593 0.592593 0.592593 0.888889 
55.000000 0.888889 0.592593 0.592593 0.592593 0.888889 
55.000000 0.888889 0.592593 0.592593 0.592593 0.888889 
55.000000 0.888889 0.592593 0.592593 0.592593 0.888889 
55.000000 0.888889 0.592593 0.592593 0.592593 0.888889 
55.000000 0.888889 0.592593 0.592593 0.592593 0.888889 
55.000000 0.888889 0.592593 0.592593 0.592593 0.888889 
55.000000 0.888889 0.592593 0.592593 0.592593 0.888889 
55.000000 0.888889 0.592593 0.592593 0.592593 0.888889 
55.000000 0.888889 0.592593 0.592593 0.592593 0.888889 
55.000000 0.888889 0.592593 0.592593 0.592593 0.888889 
55.000000 0.888889 0.592593 0.592593 0.592593 0.888889 
55.000000 0.888889 0.592593 0.592593 0.592593 0.888889 
55.000000 0.888889 0.592593 0.592593 0.592593 0.888889 
55.000000 0.888889 0.592593 0.592593 0.592593 0.888889 
55.000000 0.888889 0.592593 0.592593 0.592593 0.888889 
55.000000 0.888889 0.592593 0.592593 0.592593 0.888889 
55.000000 0.888889 0.592593 0.592593 0.592593 0.888889 
55.000000 0.888889 0.592593 0.592593 0.592593 0.888889 
55.000000 0.888889 0.592593 0.592593 0.592593 0.888889 
55.000000 0.888889 0.592593 0.592593 0.592593 0.888889 
55.000000 0.888889 0.592593 0.592593 0.592593 0.888889 
55.000000 0.888889 0.592593 0.592593 0.592593 0.888889 
55.000000 0.888889 0.592593 0.592593 0.592593 0.888889 
55.000000 0.888889 0.592593 0.592593 0.592593 0.888889 
55.000000 0.888889 0.592593 0.592593 0.592593 0.888889 
55.000000 0.888889 0.592593 0.592593 0.592593 0.888889 
55.000000 0.888889 0.592593 0.592593 0.592593 0.888889 
55.000000 0.888889 0.592593 0.592593 0.592593 0.888889 
55.000000 0.888889 0.592593 0.592593 0.592593 0.888889 
55.000000 0.888889 0.592593 0.592593 0.592593 0.888889 
55.000000 0.888889 0.592593 0.592593 0.592593 0.888889 
55.000000 0.888889 0.592593 0.592593 0.592593 0.888889 
55.000000 0.888889 0.592593 0.592593 0.592593 0.888889 
55.000000 0.888889 0.592593 0.592593 0.592593 0.888889 
55.000000 0.888889 0.592593 0.592593 0.592593 0.888889 
55.000000 0.888889 0.592593 0.592593 0.592593 0.888889 
55.000000 0.888889 0.592593 0.592593 0.592593 0.888889 
55.000000 0.888889 0.592593 0.592593 0.592593 0.888889 
55.000000 0.888889 0.592593 0.592593 0.592593 0.888889 
55.000000 0.888889 0.592593 0.592593 0.592593 0.888889 
55.000000 0.888889 0.592593 0.592593 0.592593 0.888889 
55.000000 0.888889 0.592593 0.592593 0.592593 0.888889 
55.000000 0.888889 0.592593 0.592593 0.592593 0.888889 
55.000000 0.888889 0.592593 0.592593 0.592593 0.888889 
55.000000 0.888889 0.592593 0.592593 0.592593 0.888889 
55.000000 0.888889 0.592593 0.592593 0.592593 0.888889 
55.000000 0.888889 0.592593 0.592593 0.592593 0.888889 
55.000000 0.888889 0.592593 0.592593 0.592593 0.888889 
55.000000 0.888889 0.592593 0.592593 0.592593 0.888889 
55.000000 0.888889 0.592593 0.592593 0.592593 0.888889 
55.000000 0.888889 0.592593 0.592593 0.592593 0.888889 
55.000000 0.888889 0.592593 0.592593 0.592593 0.888889 
55.000000 0.888889 0.592593 0.592593 0.592593 0.888889 
55.000000 0.888889 0.592593 0.592593 0.592593 0.888889 
55.000000 0.888889 0.592593 0.592593 0.592593 0.888889 
55.000000 0.888889 0.592593 0.592593 0.592593 0.888889 
55.000000 0.888889 0.592593 0.592593 0.592593 0.888889 
55.000000 0.888889 0.592593 0.592593 0.592593 0.888889 
55.000000 0.888889 0.592593 0.592593 0.592593 0.888889 
55.000000 0.888889 0.592593 0.592593 0.592593 0.888889 
55.000000 0.888889 0.592593 0.592593 0.592593 0.888889 
55.000000 0.888889 0.592593 0.592593 0.592593 0.888889 
55.000000 0.888889 0.592593 0.592593 0.592593 0.888889 
50.000000 0.888889 0.592593 0.592593 0.592593 0.888889 
50.000000 0.888889 0.592593 0.592593 0.592593 0.888889 
50.000000 0.888889 0.592593 0.592593 0.592593 0.888889 
50.000000 0.888889 0.592593 0.592593 0.592593 0.888889 
50.000000 0.888889 0.592593 0.592593 0.592593 0.888889 
50.000000 0.888889 0.592593 0.592593 0.592593 0.888889 
50.000000 0.888889 0.592593 0.592593 0.592593 0.888889 
50.000000 0.888889 0.592593 0.592593 0.592593 0.888889 
50.000000 0.888889 0.592593 0.592593 0.592593 0.888889 
50.000000 0.888889 0.592593 0.592593 0.592593 0.888889 
50.000000 0.888889 0.592593 0.592593 0.592593 0.888889 
50.000000 0.888889 0.592593 0.592593 0.592593 0.888889 
50.000000 0.888889 0.592593 0.592593 0.592593 0.888889 
50.000000 0.888889 0.592593 0.592593 0.592593 0.888889 
50.000000 0.888889 0.592593 0.592593 0.592593 0.888889 
50.000000 0.888889 0.592593 0.592593 0.592593 0.888889 
50.000000 0.888889 0.592593 0.592593 0.592593 0.888889 
50.000000 0.888889 0.592593 0.592593 0.592593 0.888889 
50.000000 0.888889 0.592593 0.592593 0.592593 0.888889 
50.000000 0.888889 0.592593 0.592593 0.592593 0.888889 
50.000000 0.888889 0.592593 0.592593 0.592593 0.888889 
50.000000 0.888889 0.592593 0.592593 0.592593 0.888889 
50.000000 0.888889 0.571429 0.571429 0.571429 0.888889 
50.000000 0.888889 0.571429 0.571429 0.571429 0.888889 
50.000000 0.888889 0.571429 0.571429 0.571429 0.888889 
50.000000 0.888889 0.571429 0.571429 0.571429 0.888889 
50.000000 0.888889 0.571429 0.571429 0.571429 0.888889 
50.000000 0.888889 0.571429 0.571429 0.571429 0.888889 
50.000000 0.888889 0.571429 0.571429 0.571429 0.888889 
50.000000 0.888889 0.571429 0.571429 0.571429 0.888889 
50.000000 0.888889 0.571429 0.571429 0.571429 0.888889 
50.000000 0.888889 0.571429 0.571429 0.571429 0.888889 
50.000000 0.888889 0.571429 0.571429 0.571429 0.888889 
50.000000 0.888889 0.571429 0.571429 0.571429 0.888889 
50.000000 0.888889 0.571429 0.571429 0.571429 0.888889 
50.000000 0.888889 0.571429 0.571429 0.571429 0.888889 
50.000000 0.888889 0.571429 0.571429 0.571429 0.888889 
50.000000 0.888889 0.571429 0.571429 0.571429 0.888889 
50.000000 0.888889 0.571429 0.571429 0.571429 0.888889 
50.000000 0.888889 0.571429 0.571429 0.571429 0.888889 
50.000000 0.888889 0.571429 0.571429 0.571429 0.888889 
50.000000 0.888889 0.571429 0.571429 0.571429 0.888889 
50.000000 0.888889 0.571429 0.571429 0.571429 0.888889 
50.000000 0.888889 0.571429 0.571429 0.571429 0.888889 
50.000000 0.888889 0.571429 0.571429 0.571429 0.888889 
50.000000 0.888889 0.533333 0.533333 0.533333 0.888889 
50.000000 0.888889 0.533333 0.533333 0.533333 0.888889 
50.000000 0.888889 0.551724 0.551724 0.551724 0.888889 
50.000000 0.888889 0.551724 0.551724 0.551724 0.888889 
50.000000 0.888889 0.533333 0.533333 0.533333 0.888889 
50.000000 0.888889 0.551724 0.551724 0.551724 0.888889 
50.000000 0.888889 0.533333 0.533333 0.533333 0.888889 
50.000000 0.888889 0.551724 0.551724 0.551724 0.888889 
50.000000 0.888889 0.533333 0.533333 0.533333 0.888889 
50.000000 0.888889 0.533333 0.533333 0.533333 0.888889 
50.000000 0.888889 0.533333 0.533333 0.533333 0.888889 
50.000000 0.888889 0.533333 0.533333 0.533333 0.888889 
50.000000 0.888889 0.533333 0.533333 0.533333 0.888889 
50.000000 0.888889 0.533333 0.533333 0.533333 0.888889 
50.000000 0.888889 0.516129 0.516129 0.516129 0.888889 
50.000000 0.888889 0.516129 0.516129 0.516129 0.888889 
50.000000 0.888889 0.516129 0.516129 0.516129 0.888889 
50.000000 0.888889 0.516129 0.516129 0.516129 0.888889 
50.000000 0.888889 0.516129 0.516129 0.516129 0.888889 
50.000000 0.888889 0.516129 0.516129 0.516129 0.888889 
50.000000 0.888889 0.516129 0.516129 0.516129 0.888889 
50.000000 0.888889 0.516129 0.516129 0.516129 0.888889 
50.000000 0.888889 0.516129 0.516129 0.516129 0.888889 
50.000000 0.888889 0.516129 0.516129 0.516129 0.888889 
50.000000 0.888889 0.516129 0.516129 0.516129 0.888889 
50.000000 0.888889 0.500000 0.500000 0.500000 0.888889 
50.000000 0.888889 0.500000 0.500000 0.500000 0.888889 
50.000000 0.888889 0.500000 0.500000 0.500000 0.888889 
50.000000 0.888889 0.500000 0.500000 0.500000 0.888889 
50.000000 0.888889 0.500000 0.500000 0.500000 0.888889 
50.000000 0.888889 0.500000 0.500000 0.500000 0.888889 
50.000000 0.888889 0.500000 0.500000 0.500000 0.888889 
50.000000 0.888889 0.500000 0.500000 0.500000 0.888889 
50.000000 0.888889 0.500000 0.500000 0.500000 0.888889 
50.000000 0.888889 0.500000 0.500000 0.500000 0.888889 
50.000000 0.888889 0.500000 0.500000 0.500000 0.888889 
50.000000 0.888889 0.500000 0.500000 0.500000 0.888889 
50.000000 0.888889 0.500000 0.500000 0.500000 0.888889 
50.000000 0.888889 0.500000 0.500000 0.500000 0.888889 
50.000000 0.888889 0.500000 0.500000 0.500000 0.888889 
50.000000 0.888889 0.500000 0.500000 0.500000 0.888889 
50.000000 0.888889 0.470588 0.470588 0.470588 0.888889 
50.000000 0.888889 0.470588 0.470588 0.470588 0.888889 
50.000000 0.888889 0.470588 0.470588 0.470588 0.888889 
50.000000 0.888889 0.470588 0.470588 0.470588 0.888889 
50.000000 0.888889 0.470588 0.470588 0.470588 0.888889 
50.000000 0.888889 0.470588 0.470588 0.470588 0.888889 
50.000000 0.888889 0.470588 0.470588 0.470588 0.888889 
50.000000 0.888889 0.470588 0.470588 0.470588 0.888889 
50.000000 0.888889 0.470588 0.470588 0.470588 0.888889 
50.000000 0.888889 0.470588 0.470588 0.470588 0.888889 
50.000000 0.888889 0.470588 0.470588 0.470588 0.888889 
50.000000 0.888889 0.470588 0.470588 0.470588 0.888889 
45.000000 0.888889 0.470588 0.470588 0.470588 0.888889 
45.000000 0.888889 0.470588 0.470588 0.470588 0.888889 
45.000000 0.888889 0.470588 0.470588 0.470588 0.888889 
45.000000 0.888889 0.470588 0.470588 0.470588 0.888889 
45.000000 0.888889 0.470588 0.470588 0.470588 0.888889 
45.000000 0.888889 0.470588 0.470588 0.470588 0.888889 
45.000000 0.888889 0.470588 0.470588 0.470588 0.888889 
45.000000 0.888889 0.470588 0.470588 0.470588 0.888889 
45.000000 0.888889 0.470588 0.470588 0.470588 0.888889 
45.000000 0.888889 0.470588 0.470588 0.470588 0.888889 
45.000000 0.888889 0.470588 0.470588 0.470588 0.888889 
45.000000 0.888889 0.470588 0.470588 0.470588 0.888889 
45.000000 0.888889 0.470588 0.470588 0.470588 0.888889 
45.000000 0.888889 0.470588 0.470588 0.470588 0.888889 
45.000000 0.888889 0.470588 0.470588 0.470588 0.888889 
45.000000 0.888889 0.470588 0.470588 0.470588 0.888889 
45.000000 0.888889 0.470588 0.470588 0.470588 0.888889 
45.000000 0.888889 0.470588 0.470588 0.470588 0.888889 
45.000000 0.888889 0.470588 0.470588 0.470588 0.888889 
45.000000 0.888889 0.470588 0.470588 0.470588 0.888889 
45.000000 0.888889 0.470588 0.470588 0.470588 0.888889 
45.000000 0.888889 0.470588 0.470588 0.470588 0.888889 
45.000000 0.888889 0.470588 0.470588 0.470588 0.888889 
45.000000 0.888889 0.470588 0.470588 0.470588 0.888889 
45.000000 0.888889 0.470588 0.470588 0.470588 0.888889 
45.000000 0.888889 0.470588 0.470588 0.470588 0.888889 
45.000000 0.888889 0.470588 0.470588 0.470588 0.888889 
45.000000 0.888889 0.470588 0.470588 0.470588 0.888889 
45.000000 0.888889 0.470588 0.470588 0.470588 0.888889 
45.000000 0.888889 0.470588 0.470588 0.470588 0.888889 
45.000000 0.888889 0.470588 0.470588 0.470588 0.888889 
45.000000 0.888889 0.470588 0.470588 0.470588 0.888889 
45.000000 0.888889 0.470588 0.470588 0.470588 0.888889 
45.000000 0.888889 0.470588 0.470588 0.470588 0.888889 
45.000000 0.888889 0.470588 0.470588 0.470588 0.888889 
45.000000 0.888889 0.470588 0.470588 0.470588 0.888889 
45.000000 0.888889 0.470588 0.470588 0.470588 0.888889 
45.000000 0.888889 0.470588 0.470588 0.470588 0.888889 
45.000000 0.888889 0.470588 0.470588 0.470588 0.888889 
45.000000 0.888889 0.470588 0.470588 0.470588 0.888889 
45.000000 0.888889 0.470588 0.470588 0.470588 0.888889 
45.000000 0.888889 0.470588 0.470588 0.470588 0.888889 
45.000000 0.888889 0.470588 0.470588 0.470588 0.888889 
45.000000 0.888889 0.470588 0.470588 0.470588 0.888889 
45.000000 0.888889 0.470588 0.470588 0.470588 0.888889 
45.000000 0.888889 0.470588 0.470588 0.470588 0.888889 
45.000000 0.888889 0.470588 0.470588 0.470588 0.888889 
45.000000 0.888889 0.470588 0.470588 0.470588 0.888889 
45.000000 0.888889 0.470588 0.470588 0.470588 0.888889 
45.000000 0.888889 0.470588 0.470588 0.470588 0.888889 
45.000000 0.888889 0.470588 0.470588 0.470588 0.888889 
45.000000 0.888889 0.470588 0.470588 0.470588 0.888889 
45.000000 0.888889 0.470588 0.470588 0.470588 0.888889 
45.000000 0.888889 0.470588 0.470588 0.470588 0.888889 
45.000000 0.888889 0.470588 0.470588 0.470588 0.888889 
45.000000 0.888889 0.470588 0.470588 0.470588 0.888889 
45.000000 0.888889 0.470588 0.470588 0.470588 0.888889 
45.000000 0.888889 0.470588 0.470588 0.470588 0.888889 
45.000000 0.888889 0.470588 0.470588 0.470588 0.888889 
45.000000 0.888889 0.470588 0.470588 0.470588 0.888889 
45.000000 0.888889 0.470588 0.470588 0.470588 0.888889 
45.000000 0.888889 0.470588 0.470588 0.470588 0.888889 
45.000000 0.888889 0.470588 0.470588 0.470588 0.888889 
45.000000 0.888889 0.470588 0.470588 0.470588 0.888889 
45.000000 0.888889 0.470588 0.470588 0.470588 0.888889 
45.000000 0.888889 0.470588 0.470588 0.470588 0.888889 
45.000000 0.888889 0.470588 0.470588 0.470588 0.888889 
45.000000 0.888889 0.470588 0.470588 0.470588 0.888889 
45.000000 0.888889 0.470588 0.470588 0.470588 0.888889 
45.000000 0.888889 0.470588 0.470588 0.470588 0.888889 
45.000000 0.888889 0.470588 0.470588 0.470588 0.888889 
45.000000 0.888889 0.470588 0.470588 0.470588 0.888889 
45.000000 0.888889 0.470588 0.470588 0.470588 0.888889 
45.000000 0.888889 0.470588 0.470588 0.470588 0.888889 
45.000000 0.888889 0.470588 0.470588 0.470588 0.888889 
45.000000 0.888889 0.470588 0.470588 0.470588 0.888889 
45.000000 0.888889 0.470588 0.470588 0.470588 0.888889 
45.000000 0.888889 0.470588 0.470588 0.470588 0.888889 
45.000000 0.888889 0.470588 0.470588 0.470588 0.888889 
45.000000 0.888889 0.470588 0.470588 0.470588 0.888889 
45.000000 0.888889 0.470588 0.470588 0.470588 0.888889 
45.000000 0.888889 0.470588 0.470588 0.470588 0.888889 
45.000000 0.888889 0.470588 0.470588 0.470588 0.888889 
45.000000 0.888889 0.470588 0.470588 0.470588 0.888889 
45.000000 0.888889 0.470588 0.470588 0.470588 0.888889 
45.000000 0.888889 0.470588 0.470588 0.470588 0.888889 
45.000000 0.888889 0.470588 0.470588 0.470588 0.888889 
45.000000 0.888889 0.470588 0.470588 0.470588 0.888889 
45.000000 0.888889 0.470588 0.470588 0.470588 0.888889 
45.000000 0.888889 0.470588 0.470588 0.470588 0.888889 
45.000000 0.888889 0.470588 0.470588 0.470588 0.888889 
45.000000 0.888889 0.470588 0.470588 0.470588 0.888889 
45.000000 0.888889 0.470588 0.470588 0.470588 0.888889 
45.000000 0.888889 0.470588 0.470588 0.470588 0.888889 
45.000000 0.888889 0.470588 0.470588 0.470588 0.888889 
45.000000 0.888889 0.470588 0.470588 0.470588 0.888889 
45.000000 0.888889 0.470588 0.470588 0.470588 0.888889 
45.000000 0.888889 0.470588 0.470588 0.470588 0.888889 
45.000000 0.888889 0.470588 0.470588 0.470588 0.888889 
45.000000 0.888889 0.470588 0.470588 0.470588 0.888889 
45.000000 0.888889 0.470588 0.470588 0.470588 0.888889 
45.000000 0.888889 0.470588 0.470588 0.470588 0.888889 
40.000000 0.888889 0.470588 0.470588 0.470588 0.888889 
40.000000 0.888889 0.470588 0.470588 0.470588 0.888889 
40.000000 0.888889 0.470588 0.470588 0.470588 0.888889 
40.000000 0.888889 0.470588 0.470588 0.470588 0.888889 
40.000000 0.888889 0.470588 0.470588 0.470588 0.888889 
40.000000 0.888889 0.470588 0.470588 0.470588 0.888889 
40.000000 0.888889 0.470588 0.470588 0.470588 0.888889 
40.000000 0.888889 0.470588 0.470588 0.470588 0.888889 
40.000000 0.888889 0.470588 0.470588 0.470588 0.888889 
40.000000 0.888889 0.470588 0.470588 0.470588 0.888889 
40.000000 0.888889 0.470588 0.470588 0.470588 0.888889 
40.000000 0.888889 0.470588 0.470588 0.470588 0.888889 
40.000000 0.888889 0.470588 0.470588 0.470588 0.888889 
40.000000 0.888889 0.470588 0.470588 0.470588 0.888889 
40.000000 0.888889 0.470588 0.470588 0.470588 0.888889 
40.000000 0.888889 0.470588 0.470588 0.470588 0.888889 
40.000000 0.888889 0.470588 0.470588 0.470588 0.888889 
40.000000 0.888889 0.470588 0.470588 0.470588 0.888889 
40.000000 0.888889 0.470588 0.470588 0.470588 0.888889 
40.000000 0.888889 0.470588 0.470588 0.470588 0.888889 
40.000000 0.888889 0.470588 0.470588 0.470588 0.888889 
40.000000 0.888889 0.470588 0.470588 0.470588 0.888889 
40.000000 0.888889 0.457143 0.457143 0.457143 0.888889 
40.000000 0.888889 0.457143 0.457143 0.457143 0.888889 
40.000000 0.888889 0.457143 0.457143 0.457143 0.888889 
40.000000 0.888889 0.457143 0.457143 0.457143 0.888889 
40.000000 0.888889 0.457143 0.457143 0.457143 0.888889 
40.000000 0.888889 0.457143 0.457143 0.457143 0.888889 
40.000000 0.888889 0.457143 0.457143 0.457143 0.888889 
40.000000 0.888889 0.457143 0.457143 0.457143 0.888889 
40.000000 0.888889 0.457143 0.457143 0.457143 0.888889 
40.000000 0.888889 0.457143 0.457143 0.457143 0.888889 
40.000000 0.888889 0.457143 0.457143 0.457143 0.888889 
40.000000 0.888889 0.457143 0.457143 0.457143 0.888889 
40.000000 0.888889 0.457143 0.457143 0.457143 0.888889 
40.000000 0.888889 0.457143 0.457143 0.457143 0.888889 
40.000000 0.888889 0.457143 0.457143 0.457143 0.888889 
40.000000 0.888889 0.457143 0.457143 0.457143 0.888889 
40.000000 0.888889 0.457143 0.457143 0.457143 0.888889 
40.000000 0.888889 0.457143 0.457143 0.457143 0.888889 
40.000000 0.888889 0.457143 0.457143 0.457143 0.888889 
40.000000 0.888889 0.457143 0.457143 0.457143 0.888889 
40.000000 0.888889 0.457143 0.457143 0.457143 0.888889 
40.000000 0.888889 0.457143 0.457143 0.457143 0.888889 
40.000000 0.888889 0.457143 0.457143 0.457143 0.888889 
40.000000 0.888889 0.432432 0.432432 0.432432 0.888889 
40.000000 0.888889 0.432432 0.432432 0.432432 0.888889 
40.000000 0.888889 0.432432 0.432432 0.432432 0.888889 
40.000000 0.888889 0.432432 0.432432 0.432432 0.888889 
40.000000 0.888889 0.432432 0.432432 0.432432 0.888889 
40.000000 0.888889 0.432432 0.432432 0.432432 0.888889 
40.000000 0.888889 0.432432 0.432432 0.432432 0.888889 
40.000000 0.888889 0.432432 0.432432 0.432432 0.888889 
40.000000 0.888889 0.432432 0.432432 0.432432 0.888889 
40.000000 0.888889 0.432432 0.432432 0.432432 0.888889 
40.000000 0.888889 0.432432 0.432432 0.432432 0.888889 
40.000000 0.888889 0.432432 0.432432 0.432432 0.888889 
40.000000 0.888889 0.432432 0.432432 0.432432 0.888889 
40.000000 0.888889 0.432432 0.432432 0.432432 0.888889 
40.000000 0.888889 0.410256 0.410256 0.410256 0.888889 
40.000000 0.888889 0.410256 0.410256 0.410256 0.888889 
40.000000 0.888889 0.410256 0.410256 0.410256 0.888889 
40.000000 0.888889 0.410256 0.410256 0.410256 0.888889 
40.000000 0.888889 0.410256 0.410256 0.410256 0.888889 
40.000000 0.888889 0.410256 0.410256 0.410256 0.888889 
40.000000 0.888889 0.410256 0.410256 0.410256 0.888889 
40.000000 0.888889 0.410256 0.410256 0.410256 0.888889 
40.000000 0.888889 0.410256 0.410256 0.410256 0.888889 
40.000000 0.888889 0.410256 0.410256 0.410256 0.888889 
40.000000 0.888889 0.410256 0.410256 0.410256 0.888889 
40.000000 0.888889 0.410256 0.410256 0.410256 0.888889 
40.000000 0.888889 0.390244 0.390244 0.390244 0.888889 
40.000000 0.888889 0.390244 0.390244 0.390244 0.888889 
40.000000 0.888889 0.390244 0.390244 0.390244 0.888889 
40.000000 0.888889 0.390244 0.390244 0.390244 0.888889 
40.000000 0.888889 0.390244 0.390244 0.390244 0.888889 
40.000000 0.888889 0.390244 0.390244 0.390244 0.888889 
40.000000 0.888889 0.390244 0.390244 0.390244 0.888889 
40.000000 0.888889 0.390244 0.390244 0.390244 0.888889 
40.000000 0.888889 0.390244 0.390244 0.390244 0.888889 
40.000000 0.888889 0.390244 0.390244 0.390244 0.888889 
40.000000 0.888889 0.390244 0.390244 0.390244 0.888889 
40.000000 0.888889 0.390244 0.390244 0.390244 0.888889 
40.000000 0.888889 0.390244 0.390244 0.390244 0.888889 
40.000000 0.888889 0.390244 0.390244 0.390244 0.888889 
40.000000 0.888889 0.390244 0.390244 0.390244 0.888889 
40.000000 0.888889 0.363636 0.363636 0.363636 0.888889 
40.000000 0.888889 0.363636 0.363636 0.363636 0.888889 
40.000000 0.888889 0.363636 0.363636 0.363636 0.888889 
40.000000 0.888889 0.363636 0.363636 0.363636 0.888889 
40.000000 0.888889 0.363636 0.363636 0.363636 0.888889 
40.000000 0.888889 0.363636 0.363636 0.363636 0.888889 
40.000000 0.888889 0.363636 0.363636 0.363636 0.888889 
40.000000 0.888889 0.363636 0.363636 0.363636 0.888889 
40.000000 0.888889 0.363636 0.363636 0.363636 0.888889 
40.000000 0.888889 0.363636 0.363636 0.363636 0.888889 
40.000000 0.888889 0.363636 0.363636 0.363636 0.888889 
40.000000 0.888889 0.363636 0.363636 0.363636 0.888889 
35.000000 0.888889 0.363636 0.363636 0.363636 0.888889 
35.000000 0.888889 0.363636 0.363636 0.363636 0.888889 
35.000000 0.888889 0.363636 0.363636 0.363636 0.888889 
35.000000 0.888889 0.363636 0.363636 0.363636 0.888889 
35.000000 0.888889 0.363636 0.363636 0.363636 0.888889 
35.000000 0.888889 0.363636 0.363636 0.363636 0.888889 
35.000000 0.888889 0.363636 0.363636 0.363636 0.888889 
35.000000 0.888889 0.363636 0.363636 0.363636 0.888889 
35.000000 0.888889 0.363636 0.363636 0.363636 0.888889 
35.000000 0.888889 0.363636 0.363636 0.363636 0.888889 
35.000000 0.888889 0.363636 0.363636 0.363636 0.888889 
35.000000 0.888889 0.363636 0.363636 0.363636 0.888889 
35.000000 0.888889 0.363636 0.363636 0.363636 0.888889 
35.000000 0.888889 0.363636 0.363636 0.363636 0.888889 
35.000000 0.888889 0.363636 0.363636 0.363636 0.888889 
35.000000 0.888889 0.363636 0.363636 0.363636 0.888889 
35.000000 0.888889 0.363636 0.363636 0.363636 0.888889 
35.000000 0.888889 0.363636 0.363636 0.363636 0.888889 
35.000000 0.888889 0.363636 0.363636 0.363636 0.888889 
35.000000 0.888889 0.363636 0.363636 0.363636 0.888889 
35.000000 0.888889 0.363636 0.363636 0.363636 0.888889 
35.000000 0.888889 0.363636 0.363636 0.363636 0.888889 
35.000000 0.888889 0.363636 0.363636 0.363636 0.888889 
35.000000 0.888889 0.363636 0.363636 0.363636 0.888889 
35.000000 0.888889 0.363636 0.363636 0.363636 0.888889 
35.000000 0.888889 0.363636 0.363636 0.363636 0.888889 
35.000000 0.888889 0.363636 0.363636 0.363636 0.888889 
35.000000 0.888889 0.363636 0.363636 0.363636 0.888889 
35.000000 0.888889 0.363636 0.363636 0.363636 0.888889 
35.000000 0.888889 0.363636 0.363636 0.363636 0.888889 
35.000000 0.888889 0.363636 0.363636 0.363636 0.888889 
35.000000 0.888889 0.363636 0.363636 0.363636 0.888889 
35.000000 0.888889 0.363636 0.363636 0.363636 0.888889 
35.000000 0.888889 0.363636 0.363636 0.363636 0.888889 
35.000000 0.888889 0.363636 0.363636 0.363636 0.888889 
35.000000 0.888889 0.363636 0.363636 0.363636 0.888889 
35.000000 0.888889 0.363636 0.363636 0.363636 0.888889 
35.000000 0.888889 0.363636 0.363636 0.363636 0.888889 
35.000000 0.888889 0.363636 0.363636 0.363636 0.888889 
35.000000 0.888889 0.363636 0.363636 0.363636 0.888889 
35.000000 0.888889 0.363636 0.363636 0.363636 0.888889 
35.000000 0.888889 0.363636 0.363636 0.363636 0.888889 
35.000000 0.888889 0.363636 0.363636 0.363636 0.888889 
35.000000 0.888889 0.363636 0.363636 0.363636 0.888889 
35.000000 0.888889 0.363636 0.363636 0.363636 0.888889 
35.000000 0.888889 0.363636 0.363636 0.363636 0.888889 
35.000000 0.888889 0.363636 0.363636 0.363636 0.888889 
35.000000 0.888889 0.363636 0.363636 0.363636 0.888889 
35.000000 0.888889 0.363636 0.363636 0.363636 0.888889 
35.000000 0.888889 0.363636 0.363636 0.363636 0.888889 
35.000000 0.888889 0.363636 0.363636 0.363636 0.888889 
35.000000 0.888889 0.363636 0.363636 0.363636 0.888889 
35.000000 0.888889 0.363636 0.363636 0.363636 0.888889 
35.000000 0.888889 0.363636 0.363636 0.363636 0.888889 
35.000000 0.888889 0.363636 0.363636 0.363636 0.888889 
35.000000 0.888889 0.363636 0.363636 0.363636 0.888889 
35.000000 0.888889 0.363636 0.363636 0.363636 0.888889 
35.000000 0.888889 0.363636 0.363636 0.363636 0.888889 
35.000000 0.888889 0.363636 0.363636 0.363636 0.888889 
35.000000 0.888889 0.363636 0.363636 0.363636 0.888889 
35.000000 0.888889 0.363636 0.363636 0.363636 0.888889 
35.000000 0.888889 0.363636 0.363636 0.363636 0.888889 
35.000000 0.888889 0.363636 0.363636 0.363636 0.888889 
35.000000 0.888889 0.363636 0.363636 0.363636 0.888889 
35.000000 0.888889 0.363636 0.363636 0.363636 0.888889 
35.000000 0.888889 0.363636 0.363636 0.363636 0.888889 
35.000000 0.888889 0.363636 0.363636 0.363636 0.888889 
35.000000 0.888889 0.363636 0.363636 0.363636 0.888889 
35.000000 0.888889 0.363636 0.363636 0.363636 0.888889 
35.000000 0.888889 0.363636 0.363636 0.363636 0.888889 
35.000000 0.888889 0.363636 0.363636 0.363636 0.888889 
35.000000 0.888889 0.363636 0.363636 0.363636 0.888889 
35.000000 0.888889 0.363636 0.363636 0.363636 0.888889 
35.000000 0.888889 0.363636 0.363636 0.363636 0.888889 
35.000000 0.888889 0.363636 0.363636 0.363636 0.888889 
35.000000 0.888889 0.363636 0.363636 0.363636 0.888889 
35.000000 0.888889 0.363636 0.363636 0.363636 0.888889 
35.000000 0.888889 0.363636 0.363636 0.363636 0.888889 
35.000000 0.888889 0.363636 0.363636 0.363636 0.888889 
35.000000 0.888889 0.363636 0.363636 0.363636 0.888889 
35.000000 0.888889 0.363636 0.363636 0.363636 0.888889 
35.000000 0.888889 0.363636 0.363636 0.363636 0.888889 
35.000000 0.888889 0.363636 0.363636 0.363636 0.888889 
35.000000 0.888889 0.363636 0.363636 0.363636 0.888889 
35.000000 0.888889 0.363636 0.363636 0.363636 0.888889 
35.000000 0.888889 0.363636 0.363636 0.363636 0.888889 
35.000000 0.888889 0.363636 0.363636 0.363636 0.888889 
35.000000 0.888889 0.363636 0.363636 0.363636 0.888889 
35.000000 0.888889 0.363636 0.363636 0.363636 0.888889 
35.000000 0.888889 0.363636 0.363636 0.363636 0.888889 
35.000000 0.888889 0.363636 0.363636 0.363636 0.888889 
35.000000 0.888889 0.363636 0.363636 0.363636 0.888889 
35.000000 0.888889 0.363636 0.363636 0.363636 0.888889 
35.000000 0.888889 0.363636 0.363636 0.363636 0.888889 
35.000000 0.888889 0.363636 0.363636 0.363636 0.888889 
35.000000 0.888889 0.363636 0.363636 0.363636 0.888889 
35.000000 0.888889 0.363636 0.363636 0.363636 0.888889 
35.000000 0.888889 0.363636 0.363636 0.363636 0.888889 
35.000000 0.888889 0.363636 0.363636 0.363636 0.888889 
35.000000 0.888889 0.363636 0.363636 0.363636 0.888889 
35.000000 0.888889 0.363636 0.363636 0.363636 0.888889 
35.000000 0.888889 0.363636 0.363636 0.363636 0.888889 
30.000000 0.888889 0.363636 0.363636 0.363636 0.888889 
30.000000 0.888889 0.363636 0.363636 0.363636 0.888889 
30.000000 0.888889 0.363636 0.363636 0.363636 0.888889 
30.000000 0.888889 0.363636 0.363636 0.363636 0.888889 
30.000000 0.888889 0.363636 0.363636 0.363636 0.888889 
30.000000 0.888889 0.363636 0.363636 0.363636 0.888889 
30.000000 0.888889 0.363636 0.363636 0.363636 0.888889 
30.000000 0.888889 0.363636 0.363636 0.363636 0.888889 
30.000000 0.888889 0.363636 0.363636 0.363636 0.888889 
30.000000 0.888889 0.363636 0.363636 0.363636 0.888889 
30.000000 0.888889 0.363636 0.363636 0.363636 0.888889 
30.000000 0.888889 0.363636 0.363636 0.363636 0.888889 
30.000000 0.888889 0.363636 0.363636 0.363636 0.888889 
30.000000 0.888889 0.363636 0.363636 0.363636 0.888889 
30.000000 0.888889 0.363636 0.363636 0.363636 0.888889 
30.000000 0.888889 0.363636 0.363636 0.363636 0.888889 
30.000000 0.888889 0.363636 0.363636 0.363636 0.888889 
30.000000 0.888889 0.363636 0.363636 0.363636 0.888889 
30.000000 0.888889 0.363636 0.363636 0.363636 0.888889 
30.000000 0.888889 0.363636 0.363636 0.363636 0.888889 
30.000000 0.888889 0.363636 0.363636 0.363636 0.888889 
30.000000 0.888889 0.363636 0.363636 0.363636 0.888889 
30.000000 0.888889 0.363636 0.363636 0.363636 0.888889 
30.000000 0.888889 0.363636 0.363636 0.363636 0.888889 
30.000000 0.888889 0.347826 0.347826 0.347826 0.888889 
30.000000 0.888889 0.347826 0.347826 0.347826 0.888889 
30.000000 0.888889 0.347826 0.347826 0.347826 0.888889 
30.000000 0.888889 0.347826 0.347826 0.347826 0.888889 
30.000000 0.888889 0.347826 0.347826 0.347826 0.888889 
30.000000 0.888889 0.347826 0.347826 0.347826 0.888889 
30.000000 0.888889 0.347826 0.347826 0.347826 0.888889 
30.000000 0.888889 0.347826 0.347826 0.347826 0.888889 
30.000000 0.888889 0.347826 0.347826 0.347826 0.888889 
30.000000 0.888889 0.347826 0.347826 0.347826 0.888889 
30.000000 0.888889 0.347826 0.347826 0.347826 0.888889 
30.000000 0.888889 0.347826 0.347826 0.347826 0.888889 
30.000000 0.888889 0.347826 0.347826 0.347826 0.888889 
30.000000 0.888889 0.347826 0.347826 0.347826 0.888889 
30.000000 0.888889 0.347826 0.347826 0.347826 0.888889 
30.000000 0.888889 0.347826 0.347826 0.347826 0.888889 
30.000000 0.888889 0.347826 0.347826 0.347826 0.888889 
30.000000 0.888889 0.347826 0.347826 0.347826 0.888889 
30.000000 0.888889 0.347826 0.347826 0.347826 0.888889 
30.000000 0.888889 0.347826 0.347826 0.347826 0.888889 
30.000000 0.888889 0.347826 0.347826 0.347826 0.888889 
30.000000 0.888889 0.347826 0.347826 0.347826 0.888889 
30.000000 0.888889 0.347826 0.347826 0.347826 0.888889 
30.000000 0.888889 0.320000 0.320000 0.320000 0.888889 
30.000000 0.888889 0.320000 0.320000 0.320000 0.888889 
30.000000 0.888889 0.320000 0.320000 0.320000 0.888889 
30.000000 0.888889 0.320000 0.320000 0.320000 0.888889 
30.000000 0.888889 0.320000 0.320000 0.320000 0.888889 
30.000000 0.888889 0.320000 0.320000 0.320000 0.888889 
30.000000 0.888889 0.320000 0.320000 0.320000 0.888889 
30.000000 0.888889 0.320000 0.320000 0.320000 0.888889 
30.000000 0.888889 0.320000 0.320000 0.320000 0.888889 
30.000000 0.888889 0.320000 0.320000 0.320000 0.888889 
30.000000 0.888889 0.320000 0.320000 0.320000 0.888889 
30.000000 0.888889 0.320000 0.320000 0.320000 0.888889 
30.000000 0.888889 0.320000 0.320000 0.320000 0.888889 
30.000000 0.888889 0.320000 0.320000 0.320000 0.888889 
30.000000 0.888889 0.301887 0.301887 0.301887 0.888889 
30.000000 0.888889 0.301887 0.301887 0.301887 0.888889 
30.000000 0.888889 0.301887 0.301887 0.301887 0.888889 
30.000000 0.888889 0.301887 0.301887 0.301887 0.888889 
30.000000 0.888889 0.301887 0.301887 0.301887 0.888889 
30.000000 0.888889 0.301887 0.301887 0.301887 0.888889 
30.000000 0.888889 0.301887 0.301887 0.301887 0.888889 
30.000000 0.888889 0.301887 0.301887 0.301887 0.888889 
30.000000 0.888889 0.301887 0.301887 0.301887 0.888889 
30.000000 0.888889 0.301887 0.301887 0.301887 0.888889 
30.000000 0.888889 0.301887 0.301887 0.301887 0.888889 
30.000000 0.888889 0.301887 0.301887 0.301887 0.888889 
30.000000 0.888889 0.280702 0.280702 0.280702 0.888889 
30.000000 0.888889 0.280702 0.280702 0.280702 0.888889 
30.000000 0.888889 0.280702 0.280702 0.280702 0.888889 
30.000000 0.888889 0.280702 0.280702 0.280702 0.888889 
30.000000 0.888889 0.280702 0.280702 0.280702 0.888889 
30.000000 0.888889 0.280702 0.280702 0.280702 0.888889 
30.000000 0.888889 0.280702 0.280702 0.280702 0.888889 
30.000000 0.888889 0.280702 0.280702 0.280702 0.888889 
30.000000 0.888889 0.280702 0.280702 0.280702 0.888889 
30.000000 0.888889 0.280702 0.280702 0.280702 0.888889 
30.000000 0.888889 0.280702 0.280702 0.280702 0.888889 
30.000000 0.888889 0.280702 0.280702 0.280702 0.888889 
30.000000 0.888889 0.280702 0.280702 0.280702 0.888889 
30.000000 0.888889 0.280702 0.280702 0.280702 0.888889 
30.000000 0.888889 0.280702 0.280702 0.280702 0.888889 
30.000000 0.888889 0.258065 0.258065 0.258065 0.888889 
30.000000 0.888889 0.258065 0.258065 0.258065 0.888889 
30.000000 0.888889 0.258065 0.258065 0.258065 0.888889 
30.000000 0.888889 0.258065 0.258065 0.258065 0.888889 
30.000000 0.888889 0.258065 0.258065 0.258065 0.888889 
30.000000 0.888889 0.258065 0.258065 0.258065 0.888889 
30.000000 0.888889 0.258065 0.258065 0.258065 0.888889 
30.000000 0.888889 0.258065 0.258065 0.258065 0.888889 
30.000000 0.888889 0.258065 0.258065 0.258065 0.888889 
30.000000 0.888889 0.258065 0.258065 0.258065 0.888889 
30.000000 0.888889 0.258065 0.258065 0.258065 0.888889 
30.000000 0.888889 0.258065 0.258065 0.258065 0.888889 
25.000000 0.888889 0.258065 0.258065 0.258065 0.888889 
25.000000 0.888889 0.258065 0.258065 0.258065 0.888889 
25.000000 0.888889 0.258065 0.258065 0.258065 0.888889 
25.000000 0.888889 0.258065 0.258065 0.258065 0.888889 
25.000000 0.888889 0.258065 0.258065 0.258065 0.888889 
25.000000 0.888889 0.258065 0.258065 0.258065 0.888889 
25.000000 0.888889 0.258065 0.258065 0.258065 0.888889 
25.000000 0.888889 0.258065 0.258065 0.258065 0.888889 
25.000000 0.888889 0.258065 0.258065 0.258065 0.888889 
25.000000 0.888889 0.258065 0.258065 0.258065 0.888889 
25.000000 0.888889 0.258065 0.258065 0.258065 0.888889 
25.000000 0.888889 0.258065 0.258065 0.258065 0.888889 
25.000000 0.888889 0.258065 0.258065 0.258065 0.888889 
25.000000 0.888889 0.258065 0.258065 0.258065 0.888889 
25.000000 0.888889 0.258065 0.258065 0.258065 0.888889 
25.000000 0.888889 0.258065 0.258065 0.258065 0.888889 
25.000000 0.888889 0.258065 0.258065 0.258065 0.888889 
25.000000 0.888889 0.258065 0.258065 0.258065 0.888889 
25.000000 0.888889 0.258065 0.258065 0.258065 0.888889 
25.000000 0.888889 0.258065 0.258065 0.258065 0.888889 
25.000000 0.888889 0.258065 0.258065 0.258065 0.888889 
25.000000 0.888889 0.258065 0.258065 0.258065 0.888889 
25.000000 0.888889 0.258065 0.258065 0.258065 0.888889 
25.000000 0.888889 0.258065 0.258065 0.258065 0.888889 
25.000000 0.888889 0.258065 0.258065 0.258065 0.888889 
25.000000 0.888889 0.258065 0.258065 0.258065 0.888889 
25.000000 0.888889 0.258065 0.258065 0.258065 0.888889 
25.000000 0.888889 0.258065 0.258065 0.258065 0.888889 
25.000000 0.888889 0.258065 0.258065 0.258065 0.888889 
25.000000 0.888889 0.258065 0.258065 0.258065 0.888889 
25.000000 0.888889 0.258065 0.258065 0.258065 0.888889 
25.000000 0.888889 0.258065 0.258065 0.258065 0.888889 
25.000000 0.888889 0.258065 0.258065 0.258065 0.888889 
25.000000 0.888889 0.258065 0.258065 0.258065 0.888889 
25.000000 0.888889 0.258065 0.258065 0.258065 0.888889 
25.000000 0.888889 0.258065 0.258065 0.258065 0.888889 
25.000000 0.888889 0.258065 0.258065 0.258065 0.888889 
25.000000 0.888889 0.258065 0.258065 0.258065 0.888889 
25.000000 0.888889 0.258065 0.258065 0.258065 0.888889 
25.000000 0.888889 0.258065 0.258065 0.258065 0.888889 
25.000000 0.888889 0.258065 0.258065 0.258065 0.888889 
25.000000 0.888889 0.258065 0.258065 0.258065 0.888889 
25.000000 0.888889 0.258065 0.258065 0.258065 0.888889 
25.000000 0.888889 0.258065 0.258065 0.258065 0.888889 
25.000000 0.888889 0.258065 0.258065 0.258065 0.888889 
25.000000 0.888889 0.258065 0.258065 0.258065 0.888889 
25.000000 0.888889 0.258065 0.258065 0.258065 0.888889 
25.000000 0.888889 0.258065 0.258065 0.258065 0.888889 
25.000000 0.888889 0.258065 0.258065 0.258065 0.888889 
25.000000 0.888889 0.258065 0.258065 0.258065 0.888889 
25.000000 0.888889 0.258065 0.258065 0.258065 0.888889 
25.000000 0.888889 0.258065 0.258065 0.258065 0.888889 
25.000000 0.888889 0.258065 0.258065 0.258065 0.888889 
25.000000 0.888889 0.258065 0.258065 0.258065 0.888889 
25.000000 0.888889 0.258065 0.258065 0.258065 0.888889 
25.000000 0.888889 0.258065 0.258065 0.258065 0.888889 
25.000000 0.888889 0.258065 0.258065 0.258065 0.888889 
25.000000 0.888889 0.258065 0.258065 0.258065 0.888889 
25.000000 0.888889 0.258065 0.258065 0.258065 0.888889 
25.000000 0.888889 0.258065 0.258065 0.258065 0.888889 
25.000000 0.888889 0.258065 0.258065 0.258065 0.888889 
25.000000 0.888889 0.258065 0.258065 0.258065 0.888889 
25.000000 0.888889 0.258065 0.258065 0.258065 0.888889 
25.000000 0.888889 0.258065 0.258065 0.258065 0.888889 
25.000000 0.888889 0.258065 0.258065 0.258065 0.888889 
25.000000 0.888889 0.258065 0.258065 0.258065 0.888889 
25.000000 0.888889 0.258065 0.258065 0.258065 0.888889 
25.000000 0.888889 0.258065 0.258065 0.258065 0.888889 
25.000000 0.888889 0.258065 0.258065 0.258065 0.888889 
25.000000 0.888889 0.258065 0.258065 0.258065 0.888889 
25.000000 0.888889 0.258065 0.258065 0.258065 0.888889 
25.000000 0.888889 0.258065 0.258065 0.258065 0.888889 
25.000000 0.888889 0.258065 0.258065 0.258065 0.888889 
25.000000 0.888889 0.258065 0.258065 0.258065 0.888889 
25.000000 0.888889 0.258065 0.258065 0.258065 0.888889 
25.000000 0.888889 0.258065 0.258065 0.258065 0.888889 
25.000000 0.888889 0.258065 0.258065 0.258065 0.888889 
25.000000 0.888889 0.258065 0.258065 0.258065 0.888889 
25.000000 0.888889 0.258065 0.258065 0.258065 0.888889 
25.000000 0.888889 0.258065 0.258065 0.258065 0.888889 
25.000000 0.888889 0.258065 0.258065 0.258065 0.888889 
25.000000 0.888889 0.258065 0.258065 0.258065 0.888889 
25.000000 0.888889 0.258065 0.258065 0.258065 0.888889 
25.000000 0.888889 0.258065 0.258065 0.258065 0.888889 
25.000000 0.888889 0.258065 0.258065 0.258065 0.888889 
25.000000 0.888889 0.258065 0.258065 0.258065 0.888889 
25.000000 0.888889 0.258065 0.258065 0.258065 0.888889 
25.000000 0.888889 0.258065 0.258065 0.258065 0.888889 
25.000000 0.888889 0.258065 0.258065 0.258065 0.888889 
25.000000 0.888889 0.258065 0.258065 0.258065 0.888889 
25.000000 0.888889 0.258065 0.258065 0.258065 0.888889 
25.000000 0.888889 0.258065 0.258065 0.258065 0.888889 
25.000000 0.888889 0.258065 0.258065 0.258065 0.888889 
25.000000 0.888889 0.258065 0.258065 0.258065 0.888889 
25.000000 0.888889 0.258065 0.258065 0.258065 0.888889 
25.000000 0.888889 0.258065 0.258065 0.258065 0.888889 
25.000000 0.888889 0.258065 0.258065 0.258065 0.888889 
25.000000 0.888889 0.258065 0.258065 0.258065 0.888889 
25.000000 0.888889 0.258065 0.258065 0.258065 0.888889 
25.000000 0.888889 0.258065 0.258065 0.258065 0.888889 
25.000000 0.888889 0.258065 0.258065 0.258065 0.888889 
25.000000 0.888889 0.258065 0.258065 0.258065 0.888889 
20.000000 0.888889 0.258065 0.258065 0.258065 0.888889 
20.000000 0.888889 0.258065 0.258065 0.258065 0.888889 
20.000000 0.888889 0.258065 0.258065 0.258065 0.888889 
20.000000 0.888889 0.258065 0.258065 0.258065 0.888889 
20.000000 0.888889 0.258065 0.258065 0.258065 0.888889 
20.000000 0.888889 0.258065 0.258065 0.258065 0.888889 
20.000000 0.888889 0.258065 0.258065 0.258065 0.888889 
20.000000 0.888889 0.258065 0.258065 0.258065 0.888889 
20.000000 0.888889 0.258065 0.258065 0.258065 0.888889 
20.000000 0.888889 0.258065 0.258065 0.258065 0.888889 
20.000000 0.888889 0.258065 0.258065 0.258065 0.888889 
20.000000 0.888889 0.258065 0.258065 0.258065 0.888889 
20.000000 0.888889 0.258065 0.258065 0.258065 0.888889 
20.000000 0.888889 0.258065 0.258065 0.258065 0.888889 
20.000000 0.888889 0.258065 0.258065 0.258065 0.888889 
20.000000 0.888889 0.258065 0.258065 0.258065 0.888889 
20.000000 0.888889 0.258065 0.258065 0.258065 0.888889 
20.000000 0.888889 0.258065 0.258065 0.258065 0.888889 
20.000000 0.888889 0.258065 0.258065 0.258065 0.888889 
20.000000 0.888889 0.258065 0.258065 0.258065 0.888889 
20.000000 0.888889 0.258065 0.258065 0.258065 0.888889 
20.000000 0.888889 0.258065 0.258065 0.258065 0.888889 
20.000000 0.888889 0.258065 0.258065 0.258065 0.888889 
20.000000 0.888889 0.258065 0.258065 0.258065 0.888889 
20.000000 0.888889 0.235294 0.235294 0.235294 0.888889 
20.000000 0.888889 0.235294 0.235294 0.235294 0.888889 
20.000000 0.888889 0.235294 0.235294 0.235294 0.888889 
20.000000 0.888889 0.235294 0.235294 0.235294 0.888889 
20.000000 0.888889 0.235294 0.235294 0.235294 0.888889 
20.000000 0.888889 0.235294 0.235294 0.235294 0.888889 
20.000000 0.888889 0.235294 0.235294 0.235294 0.888889 
20.000000 0.888889 0.235294 0.235294 0.235294 0.888889 
20.000000 0.888889 0.235294 0.235294 0.235294 0.888889 
20.000000 0.888889 0.235294 0.235294 0.235294 0.888889 
20.000000 0.888889 0.235294 0.235294 0.235294 0.888889 
20.000000 0.888889 0.235294 0.235294 0.235294 0.888889 
20.000000 0.888889 0.235294 0.235294 0.235294 0.888889 
20.000000 0.888889 0.235294 0.235294 0.235294 0.888889 
20.000000 0.888889 0.235294 0.235294 0.235294 0.888889 
20.000000 0.888889 0.235294 0.235294 0.235294 0.888889 
20.000000 0.888889 0.235294 0.235294 0.235294 0.888889 
20.000000 0.888889 0.235294 0.235294 0.235294 0.888889 
20.000000 0.888889 0.235294 0.235294 0.235294 0.888889 
20.000000 0.888889 0.235294 0.235294 0.235294 0.888889 
20.000000 0.888889 0.235294 0.235294 0.235294 0.888889 
20.000000 0.888889 0.235294 0.235294 0.235294 0.888889 
20.000000 0.888889 0.235294 0.235294 0.235294 0.888889 
20.000000 0.888889 0.216216 0.216216 0.216216 0.888889 
20.000000 0.888889 0.216216 0.216216 0.216216 0.888889 
20.000000 0.888889 0.216216 0.216216 0.216216 0.888889 
20.000000 0.888889 0.216216 0.216216 0.216216 0.888889 
20.000000 0.888889 0.216216 0.216216 0.216216 0.888889 
20.000000 0.888889 0.216216 0.216216 0.216216 0.888889 
20.000000 0.888889 0.216216 0.216216 0.216216 0.888889 
20.000000 0.888889 0.216216 0.216216 0.216216 0.888889 
20.000000 0.888889 0.216216 0.216216 0.216216 0.888889 
20.000000 0.888889 0.216216 0.216216 0.216216 0.888889 
20.000000 0.888889 0.216216 0.216216 0.216216 0.888889 
20.000000 0.888889 0.216216 0.216216 0.216216 0.888889 
20.000000 0.888889 0.216216 0.216216 0.216216 0.888889 
20.000000 0.888889 0.216216 0.216216 0.216216 0.888889 
20.000000 0.888889 0.192771 0.192771 0.192771 0.888889 
20.000000 0.888889 0.192771 0.192771 0.192771 0.888889 
20.000000 0.888889 0.192771 0.192771 0.192771 0.888889 
20.000000 0.888889 0.192771 0.192771 0.192771 0.888889 
20.000000 0.888889 0.192771 0.192771 0.192771 0.888889 
20.000000 0.888889 0.192771 0.192771 0.192771 0.888889 
20.000000 0.888889 0.192771 0.192771 0.192771 0.888889 
20.000000 0.888889 0.192771 0.192771 0.192771 0.888889 
20.000000 0.888889 0.192771 0.192771 0.192771 0.888889 
20.000000 0.888889 0.192771 0.192771 0.192771 0.888889 
20.000000 0.888889 0.192771 0.192771 0.192771 0.888889 
20.000000 0.888889 0.192771 0.192771 0.192771 0.888889 
20.000000 0.888889 0.172043 0.172043 0.172043 0.888889 
20.000000 0.888889 0.172043 0.172043 0.172043 0.888889 
20.000000 0.888889 0.172043 0.172043 0.172043 0.888889 
20.000000 0.888889 0.172043 0.172043 0.172043 0.888889 
20.000000 0.888889 0.172043 0.172043 0.172043 0.888889 
20.000000 0.888889 0.172043 0.172043 0.172043 0.888889 
20.000000 0.888889 0.172043 0.172043 0.172043 0.888889 
20.000000 0.888889 0.172043 0.172043 0.172043 0.888889 
20.000000 0.888889 0.172043 0.172043 0.172043 0.888889 
20.000000 0.888889 0.172043 0.172043 0.172043 0.888889 
20.000000 0.888889 0.172043 0.172043 0.172043 0.888889 
20.000000 0.888889 0.172043 0.172043 0.172043 0.888889 
20.000000 0.888889 0.172043 0.172043 0.172043 0.888889 
20.000000 0.888889 0.172043 0.172043 0.172043 0.888889 
20.000000 0.888889 0.172043 0.172043 0.172043 0.888889 
20.000000 0.888889 0.149533 0.149533 0.149533 0.888889 
20.000000 0.888889 0.149533 0.149533 0.149533 0.888889 
20.000000 0.888889 0.149533 0.149533 0.149533 0.888889 
20.000000 0.888889 0.149533 0.149533 0.149533 0.888889 
20.000000 0.888889 0.149533 0.149533 0.149533 0.888889 
20.000000 0.888889 0.149533 0.149533 0.149533 0.888889 
20.000000 0.888889 0.149533 0.149533 0.149533 0.888889 
20.000000 0.888889 0.149533 0.149533 0.149533 0.888889 
20.000000 0.888889 0.149533 0.149533 0.149533 0.888889 
20.000000 0.888889 0.149533 0.149533 0.149533 0.888889 
20.000000 0.888889 0.149533 0.149533 0.149533 0.888889 
20.000000 0.888889 0.149533 0.149533 0.149533 0.888889 
15.000000 0.888889 0.149533 0.149533 0.149533 0.888889 
15.000000 0.888889 0.149533 0.149533 0.149533 0.888889 
15.000000 0.888889 0.149533 0.149533 0.149533 0.888889 
15.000000 0.888889 0.149533 0.149533 0.149533 0.888889 
15.000000 0.888889 0.149533 0.149533 0.149533 0.888889 
15.000000 0.888889 0.149533 0.149533 0.149533 0.888889 
15.000000 0.888889 0.149533 0.149533 0.149533 0.888889 
15.000000 0.888889 0.149533 0.149533 0.149533 0.888889 
15.000000 0.888889 0.149533 0.149533 0.149533 0.888889 
15.000000 0.888889 0.149533 0.149533 0.149533 0.888889 
15.000000 0.888889 0.149533 0.149533 0.149533 0.888889 
15.000000 0.888889 0.149533 0.149533 0.149533 0.888889 
15.000000 0.888889 0.149533 0.149533 0.149533 0.888889 
15.000000 0.888889 0.149533 0.149533 0.149533 0.888889 
15.000000 0.888889 0.149533 0.149533 0.149533 0.888889 
15.000000 0.888889 0.149533 0.149533 0.149533 0.888889 
15.000000 0.888889 0.149533 0.149533 0.149533 0.888889 
15.000000 0.888889 0.149533 0.149533 0.149533 0.888889 
15.000000 0.888889 0.149533 0.149533 0.149533 0.888889 
15.000000 0.888889 0.149533 0.149533 0.149533 0.888889 
15.000000 0.888889 0.149533 0.149533 0.149533 0.888889 
15.000000 0.888889 0.149533 0.149533 0.149533 0.888889 
15.000000 0.888889 0.149533 0.149533 0.149533 0.888889 
15.000000 0.888889 0.149533 0.149533 0.149533 0.888889 
15.000000 0.888889 0.149533 0.149533 0.149533 0.888889 
15.000000 0.888889 0.149533 0.149533 0.149533 0.888889 
15.000000 0.888889 0.149533 0.149533 0.149533 0.888889 
15.000000 0.888889 0.149533 0.149533 0.149533 0.888889 
15.000000 0.888889 0.149533 0.149533 0.149533 0.888889 
15.000000 0.888889 0.149533 0.149533 0.149533 0.888889 
15.000000 0.888889 0.149533 0.149533 0.149533 0.888889 
15.000000 0.888889 0.149533 0.149533 0.149533 0.888889 
15.000000 0.888889 0.149533 0.149533 0.149533 0.888889 
15.000000 0.888889 0.149533 0.149533 0.149533 0.888889 
15.000000 0.888889 0.149533 0.149533 0.149533 0.888889 
15.000000 0.888889 0.149533 0.149533 0.149533 0.888889 
15.000000 0.888889 0.149533 0.149533 0.149533 0.888889 
15.000000 0.888889 0.149533 0.149533 0.149533 0.888889 
15.000000 0.888889 0.149533 0.149533 0.149533 0.888889 
15.000000 0.888889 0.149533 0.149533 0.149533 0.888889 
15.000000 0.888889 0.149533 0.149533 0.149533 0.888889 
15.000000 0.888889 0.149533 0.149533 0.149533 0.888889 
15.000000 0.888889 0.149533 0.149533 0.149533 0.888889 
15.000000 0.888889 0.149533 0.149533 0.149533 0.888889 
15.000000 0.888889 0.149533 0.149533 0.149533 0.888889 
15.000000 0.888889 0.149533 0.149533 0.149533 0.888889 
15.000000 0.888889 0.149533 0.149533 0.149533 0.888889 
15.000000 0.888889 0.149533 0.149533 0.149533 0.888889 
15.000000 0.888889 0.149533 0.149533 0.149533 0.888889 
15.000000 0.888889 0.149533 0.149533 0.149533 0.888889 
15.000000 0.888889 0.149533 0.149533 0.149533 0.888889 
15.000000 0.888889 0.149533 0.149533 0.149533 0.888889 
15.000000 0.888889 0.149533 0.149533 0.149533 0.888889 
15.000000 0.888889 0.149533 0.149533 0.149533 0.888889 
15.000000 0.888889 0.149533 0.149533 0.149533 0.888889 
15.000000 0.888889 0.149533 0.149533 0.149533 0.888889 
15.000000 0.888889 0.149533 0.149533 0.149533 0.888889 
15.000000 0.888889 0.149533 0.149533 0.149533 0.888889 
15.000000 0.888889 0.149533 0.149533 0.149533 0.888889 
15.000000 0.888889 0.149533 0.149533 0.149533 0.888889 
15.000000 0.888889 0.149533 0.149533 0.149533 0.888889 
15.000000 0.888889 0.149533 0.149533 0.149533 0.888889 
15.000000 0.888889 0.149533 0.149533 0.149533 0.888889 
15.000000 0.888889 0.149533 0.149533 0.149533 0.888889 
15.000000 0.888889 0.149533 0.149533 0.149533 0.888889 
15.000000 0.888889 0.149533 0.149533 0.149533 0.888889 
15.000000 0.888889 0.149533 0.149533 0.149533 0.888889 
15.000000 0.888889 0.149533 0.149533 0.149533 0.888889 
15.000000 0.888889 0.149533 0.149533 0.149533 0.888889 
15.000000 0.888889 0.149533 0.149533 0.149533 0.888889 
15.000000 0.888889 0.149533 0.149533 0.149533 0.888889 
15.000000 0.888889 0.149533 0.149533 0.149533 0.888889 
15.000000 0.888889 0.149533 0.149533 0.149533 0.888889 
15.000000 0.888889 0.149533 0.149533 0.149533 0.888889 
15.000000 0.888889 0.149533 0.149533 0.149533 0.888889 
15.000000 0.888889 0.149533 0.149533 0.149533 0.888889 
15.000000 0.888889 0.149533 0.149533 0.149533 0.888889 
15.000000 0.888889 0.149533 0.149533 0.149533 0.888889 
15.000000 0.888889 0.149533 0.149533 0.149533 0.888889 
15.000000 0.888889 0.149533 0.149533 0.149533 0.888889 
15.000000 0.888889 0.149533 0.149533 0.149533 0.888889 
15.000000 0.888889 0.149533 0.149533 0.149533 0.888889 
15.000000 0.888889 0.149533 0.149533 0.149533 0.888889 
15.000000 0.888889 0.149533 0.149533 0.149533 0.888889 
15.000000 0.888889 0.149533 0.149533 0.149533 0.888889 
15.000000 0.888889 0.149533 0.149533 0.149533 0.888889 
15.000000 0.888889 0.149533 0.149533 0.149533 0.888889 
15.000000 0.888889 0.149533 0.149533 0.149533 0.888889 
15.000000 0.888889 0.149533 0.149533 0.149533 0.888889 
15.000000 0.888889 0.149533 0.149533 0.149533 0.888889 
15.000000 0.888889 0.149533 0.149533 0.149533 0.888889 
15.000000 0.888889 0.149533 0.149533 0.149533 0.888889 
15.000000 0.888889 0.149533 0.149533 0.149533 0.888889 
15.000000 0.888889 0.149533 0.149533 0.149533 0.888889 
15.000000 0.888889 0.149533 0.149533 0.149533 0.888889 
15.000000 0.888889 0.149533 0.149533 0.149533 0.888889 
15.000000 0.888889 0.149533 0.149533 0.149533 0.888889 
15.000000 0.888889 0.149533 0.149533 0.149533 0.888889 
15.000000 0.888889 0.149533 0.149533 0.149533 0.888889 
15.000000 0.888889 0.149533 0.149533 0.149533 0.888889 
15.000000 0.888889 0.149533 0.149533 0.149533 0.888889 
15.000000 0.888889 0.149533 0.149533 0.149533 0.888889 
15.000000 0.888889 0.149533 0.149533 0.149533 0.888889 
15.000000 0.888889 0.149533 0.149533 0.149533 0.888889 
15.000000 0.888889 0.149533 0.149533 0.149533 0.888889 
